0.000000000000000000e+00 8.964820964016100291e+00 1.556728973029082574e+01 1.792964192881035501e+01 2.267940378382644440e+01 2.593488878633443662e+01 3.131277493167213777e+01 3.489820231025273500e+01 4.009189970253821400e+01 4.290740884756507967e+01 5.425810318856398595e+01 4.741129990977651687e+01 4.571179286586785651e+01 3.943894069571798155e+01 3.736215039555327877e+01 3.067448236995224420e+01 2.937734820116586221e+01 2.281528798028687177e+01 2.251525099966834986e+01 1.449804174458196471e+01 1.671625817099381450e+01 8.895591613036142320e+00 1.491836150687407425e+01 8.018379492753391347e+00 1.697316759086744398e+01 1.445534046378857340e+01 2.207155916521075056e+01 2.937734820047835527e+01 2.215542647610913818e+01 3.075498879573462219e+01 2.557482589162686892e+01 3.447041750782335612e+01 3.101520499818007437e+01 3.968894625779121554e+01 3.782261483226366039e+01 4.503050200113513313e+01 5.172654850566947715e+01 4.482409838662688628e+01 5.274437478029498294e+01 5.930973951765210472e+01 5.939307112203241701e+01 6.661493619731066929e+01 8.105795635254597187e+01 8.908092685137036426e+01 9.622696380948434580e+01 8.968266682017899427e+01 8.309168450041075005e+01 8.238934275210965552e+01 7.562070623151143423e+01 7.519439511517254005e+01 7.420125101267653633e+01 6.713262678389737914e+01 6.716945042730117166e+01 5.988028596745391496e+01 7.698188987296593666e+01 6.959237238594484154e+01 6.203040999836516534e+01 5.346613308762012906e+01 4.734605030166899553e+01 6.496104396928446079e+01 7.269459312572902832e+01 5.613965894422699421e+01 6.782888606342463333e+01 6.004524339945022859e+01 5.114965178483389963e+01 4.225406017021759197e+01 3.839043041201063744e+01 5.599631863841928947e+01 4.717599891763390474e+01
8.964820964016100291e+00 0.000000000000000000e+00 8.964820964008620052e+00 8.964820964792606262e+00 1.445534046373919601e+01 1.697316759269536490e+01 2.267940378415033109e+01 2.593488878725753821e+01 3.131277493256314060e+01 3.394633518479754031e+01 4.571179286744389003e+01 3.859921231354618953e+01 3.736215039847972719e+01 3.067448237127397448e+01 2.937734820284999415e+01 2.207155916695013786e+01 2.215542647823093958e+01 1.449804174605409557e+01 1.667923427885824594e+01 7.783642664099250652e+00 1.393268133708745005e+01 8.964820964800086500e+00 1.697316759259854990e+01 1.445534046378857340e+01 2.267940378415877944e+01 2.267940378384888334e+01 2.538071227402134156e+01 3.067448237064295213e+01 2.207155916660703809e+01 2.937734820221110610e+01 2.251525100115109979e+01 3.101520500123927704e+01 2.557482589361723413e+01 3.447041750995640541e+01 3.101520500169300476e+01 3.859920663243127592e+01 4.465828555863409832e+01 3.737869113906660345e+01 4.482409838716883144e+01 5.172654850777242785e+01 5.119797918734523279e+01 5.875469640784465497e+01 7.373320321912657960e+01 8.199068817534440257e+01 8.931657111859381359e+01 8.309168450469300637e+01 7.698188987569061226e+01 7.562070623412968473e+01 6.935210633449129602e+01 6.821967879815930758e+01 6.664276950373508157e+01 5.988028596828183225e+01 6.068022794054624569e+01 5.315302198482960705e+01 7.147678458060460116e+01 6.385724492831570842e+01 5.613965894510326393e+01 4.734605030395842107e+01 4.225406017247549073e+01 6.004524340199348131e+01 6.782888606609272131e+01 5.114965178881465846e+01 6.385724492731274893e+01 5.613965894422699421e+01 4.734605030322767050e+01 3.859920663184732348e+01 3.635580135835285631e+01 5.315302198337688111e+01 4.465828555745922301e+01
1.556728973029082574e+01 8.964820964008620052e+00 0.000000000000000000e+00 8.895591613321494506e+00 8.018379492866451130e+00 1.491836150742098788e+01 1.697316759115586393e+01 2.292341747319055756e+01 2.593488878655465157e+01 3.067448192596250678e+01 4.482409838771076949e+01 3.671116269692933543e+01 3.737869113813830779e+01 2.937734820185573881e+01 3.075498879707766164e+01 2.215542647703235346e+01 2.559898729634944559e+01 1.667923427754558574e+01 2.251525099996924340e+01 1.449804174472096463e+01 2.207155916561507780e+01 1.792964192881035501e+01 2.593488878624005878e+01 2.267940378381445399e+01 3.131277493159686287e+01 3.002263019407940448e+01 3.434465285658770739e+01 3.943894069522398382e+01 3.067448236975220155e+01 3.736215039522162584e+01 2.994014410378611046e+01 3.782261483226366039e+01 3.101520499863380209e+01 3.968894625839361368e+01 3.447041750892909562e+01 4.225406017157301619e+01 4.717599891975253712e+01 3.948593230406211063e+01 4.571178857989252009e+01 5.315302198259122690e+01 5.125831644493176498e+01 5.947627957479821248e+01 7.530119783641939080e+01 8.387663343438542540e+01 9.143033780762519314e+01 8.573551931575156004e+01 8.033783098273657686e+01 7.807433857196804183e+01 7.258395321840531267e+01 7.044001420378353373e+01 6.786533547669486666e+01 6.176073285806325686e+01 6.373126489038396869e+01 5.599631864094892109e+01 7.562070438601898559e+01 6.782888606560042888e+01 6.004524340137635363e+01 5.114965178647467781e+01 4.734605030239973900e+01 6.496104397030548228e+01 7.269459312687631325e+01 5.613965894510326393e+01 6.959237238594484154e+01 6.203040999836516534e+01 5.346613308762012906e+01 4.503050200113513313e+01 4.386212595812862247e+01 5.988028596674424620e+01 5.172654850508981639e+01
1.792964192881035501e+01 8.964820964792606262e+00 8.895591613321494506e+00 0.000000000000000000e+00 8.018379493742976649e+00 8.018379494619498615e+00 1.445534046378857340e+01 1.697316759281219589e+01 2.267940378447421779e+01 2.498794991065846105e+01 3.736215039886664613e+01 2.987813670702534807e+01 2.937734820460702068e+01 2.207155916718463118e+01 2.215542647853918723e+01 1.393268133738364511e+01 1.671625817306291850e+01 7.783642664224091234e+00 1.449804174605409557e+01 8.468352947178601653e+00 1.641773312752464520e+01 1.556728973029082574e+01 2.267940378443424621e+01 2.267940378412435010e+01 3.002263019407940448e+01 3.131277493159686287e+01 3.101521266880582672e+01 3.434465285735511486e+01 2.538071227407261787e+01 3.067448237084054696e+01 2.281528798144206505e+01 2.994014410648567193e+01 2.251525100145198977e+01 3.101520500169300476e+01 2.557482589560759934e+01 3.335846855825151636e+01 3.839043041527290256e+01 3.075498880016274938e+01 3.737869113813830779e+01 4.465828555929127930e+01 4.330895147817075497e+01 5.125831644781117546e+01 6.680953715958959549e+01 7.530119783793610111e+01 8.280100976643930721e+01 7.698188987844308429e+01 7.147678458173641047e+01 6.935210633556555138e+01 6.373126489195546185e+01 6.176073286113580707e+01 5.947627957479821248e+01 5.315302198411185230e+01 5.489245016190791659e+01 4.717599892288112073e+01 6.672620271795452140e+01 5.893329445227895036e+01 5.114965178805484669e+01 4.225406017315319218e+01 3.859920663243127592e+01 5.613965894510326393e+01 6.385724492831570842e+01 4.734605030551709604e+01 6.095468566433491020e+01 5.346613308913184426e+01 4.503050200261787950e+01 3.681206234461856752e+01 3.647464142835028156e+01 5.172654850794316417e+01 4.386212595949061921e+01
2.267940378382644440e+01 1.445534046373919601e+01 8.018379492866451130e+00 8.018379493742976649e+00 0.000000000000000000e+00 8.895591616604132668e+00 8.964820964901209166e+00 1.544768964408751266e+01 1.792964193058056566e+01 2.292341747463790824e+01 3.782261483514335509e+01 2.937734820356174481e+01 3.101520500257101531e+01 2.251525100205954288e+01 2.557482589437901055e+01 1.667923427935505032e+01 2.251525100170745475e+01 1.393268133738364511e+01 2.207155916695013786e+01 1.641773312753190339e+01 2.441228665787971863e+01 2.267940378413634406e+01 3.024828956979671801e+01 2.891068092752776764e+01 3.696290617530750922e+01 3.696290617511736798e+01 3.867921447574458682e+01 4.234176361042078440e+01 3.337700297844777708e+01 3.859921231300447886e+01 3.067448237104058961e+01 3.736215039809280114e+01 2.937734820284999415e+01 3.737869113906660345e+01 3.075498880016274938e+01 3.839043041527290256e+01 4.225406017373406797e+01 3.447041751098313966e+01 3.968894625953998911e+01 4.734605030533864323e+01 4.465828555985685000e+01 5.315302198632253550e+01 6.935210633648780743e+01 7.807433857456652504e+01 8.573551931846253638e+01 8.043780636575429810e+01 7.561252873086399973e+01 7.269459313059310546e+01 6.782888606811306431e+01 6.496104397535610531e+01 6.176073286041359012e+01 5.613965894675011015e+01 5.893329445308911119e+01 5.114965179033819709e+01 7.158913562376353923e+01 6.373126489195546185e+01 5.599631864094892109e+01 4.717599892131683248e+01 4.465828555863409832e+01 6.176073285865170703e+01 6.935210633449129602e+01 5.315302198482960705e+01 6.716945042879223138e+01 5.988028596745391496e+01 5.172654850709615459e+01 4.386212595993860930e+01 4.414311833358961223e+01 5.875469640649403402e+01 5.119797918627865130e+01
2.593488878633443662e+01 1.697316759269536490e+01 1.491836150742098788e+01 8.018379494619498615e+00 8.895591616604132668e+00 0.000000000000000000e+00 8.964820965685193599e+00 8.964820964901209166e+00 1.556728973029082574e+01 1.697316759209017434e+01 2.994014410613695532e+01 2.207155916619612057e+01 2.251525100205954288e+01 1.449804174505483623e+01 1.667923427777487788e+01 7.783642662750918539e+00 1.449804174483631414e+01 7.459182019637385253e+00 1.641773312678274266e+01 1.449804464040034091e+01 2.138877104986145383e+01 2.267940378444624017e+01 2.891068092752776764e+01 3.024828956979671801e+01 3.696290617549766466e+01 3.904509614888998215e+01 3.684564315657252109e+01 3.867921447524489764e+01 2.994014971223945665e+01 3.337700297765812962e+01 2.538071227339213465e+01 3.067448237104058961e+01 2.207155916575601751e+01 2.937734820284999415e+01 2.215542647853918723e+01 2.967049916979472712e+01 3.335846855712992465e+01 2.557482589437901055e+01 3.101520499951181620e+01 3.859920663199647350e+01 3.635580135874597119e+01 4.465828555985685000e+01 6.068022794073988280e+01 6.935210633494234855e+01 7.698188987792123328e+01 7.158913562490884885e+01 6.671693711425984930e+01 6.385724492862708246e+01 5.893329445150893520e+01 5.613965894675011015e+01 5.315302198328129890e+01 4.734605030377996826e+01 5.003770283648498918e+01 4.225406017373406797e+01 6.275373364513114893e+01 5.489245016033946456e+01 4.717599891975253712e+01 3.839043041371677134e+01 3.635580135779503763e+01 5.315302198178836335e+01 6.068022793901156575e+01 4.465828555863409832e+01 5.884931631560750276e+01 5.172654850566947715e+01 4.386212595857660546e+01 3.647464142741283410e+01 3.787162288500904594e+01 5.119797918627865130e+01 4.414311833239548832e+01
3.131277493167213777e+01 2.267940378415033109e+01 1.697316759115586393e+01 1.445534046378857340e+01 8.964820964901209166e+00 8.964820965685193599e+00 0.000000000000000000e+00 8.895591616746797214e+00 8.964820965677711584e+00 1.491836150921189308e+01 3.101520500302470751e+01 2.215542647915410868e+01 2.557482589636935089e+01 1.667923427962255190e+01 2.251525100205954288e+01 1.449804174638797072e+01 2.281528798177156858e+01 1.641773312763456261e+01 2.538071227424818943e+01 2.248778207630673620e+01 2.994014971273039905e+01 3.002263019407940448e+01 3.696290617550624091e+01 3.696290617531610678e+01 4.447797065786797788e+01 4.535880756800452929e+01 4.515390311994128325e+01 4.750249182909738721e+01 3.867921447580662431e+01 4.234176361058986515e+01 3.434465285759638675e+01 3.943894069776735734e+01 3.067448237127397448e+01 3.736215039847972719e+01 2.937734820460702068e+01 3.635580135975547478e+01 3.859920663354417769e+01 3.101520500257101531e+01 3.447041750995580145e+01 4.225406017441172679e+01 3.839043041639039444e+01 4.717599892426512298e+01 6.373126489383803772e+01 7.258395322212696499e+01 8.033783098826643254e+01 7.561252873365683058e+01 7.158913562490884885e+01 6.782888606920090524e+01 6.385724493019549897e+01 6.004524340632514878e+01 5.599631864259896474e+01 5.114965178957834269e+01 5.503866540980647670e+01 4.734605030689731819e+01 6.850905201262575872e+01 6.068022794147598376e+01 5.315302198411185230e+01 4.465828555929127930e+01 4.386212596046124901e+01 5.988028596828183225e+01 6.716945042975143565e+01 5.172654850919911240e+01 6.613993890815407894e+01 5.930973951901488306e+01 5.183400355837288487e+01 4.487923515751879222e+01 4.671509974596816761e+01 5.939307112398211075e+01 5.268573972770053615e+01
3.489820231025273500e+01 2.593488878725753821e+01 2.292341747319055756e+01 1.697316759281219589e+01 1.544768964408751266e+01 8.964820964901209166e+00 8.895591616746797214e+00 0.000000000000000000e+00 8.964820964893725375e+00 8.018379493857548113e+00 2.251525100236040799e+01 1.393268133633989159e+01 1.667923427962255190e+01 7.783642662875752016e+00 1.449804174505483623e+01 8.468352946640669288e+00 1.740475804619924105e+01 1.449804464045094043e+01 2.248778207607233526e+01 2.292342099803251187e+01 2.893205665293437789e+01 3.131277493256996181e+01 3.696290617531610678e+01 3.904509614950313789e+01 4.535880756862432150e+01 4.790423858648644995e+01 4.449186784474846945e+01 4.515390311966888959e+01 3.684564315657736699e+01 3.867921447530693513e+01 3.101521266846744851e+01 3.434465285759638675e+01 2.538071227348667591e+01 3.067448237127397448e+01 2.207155916718463118e+01 2.841459512663426068e+01 2.994014238837556974e+01 2.251525100205954288e+01 2.557482589320900601e+01 3.335846855766492070e+01 2.967049917064487374e+01 3.839043041639039444e+01 5.489245016195626903e+01 6.373126489226655877e+01 7.147678458385136935e+01 6.671693711691003159e+01 6.275373364613435712e+01 5.893329445245410625e+01 5.503866540824218134e+01 5.114965178957834269e+01 4.717599892113653937e+01 4.225406017283155791e+01 4.624959189367341139e+01 3.859920663354417769e+01 5.988028477629855928e+01 5.208386096560339240e+01 4.465828555779616948e+01 3.635580135830556969e+01 3.647464142778036233e+01 5.172654850634575041e+01 5.884931631641656935e+01 4.386212596046124901e+01 5.835349200225734023e+01 5.183400355708475615e+01 4.487923515634425087e+01 3.872713095543558381e+01 4.179805041135060861e+01 5.268573972770053615e+01 4.671509974499024054e+01
4.009189970253821400e+01 3.131277493256314060e+01 2.593488878655465157e+01 2.267940378447421779e+01 1.792964193058056566e+01 1.556728973029082574e+01 8.964820965677711584e+00 8.964820964893725375e+00 0.000000000000000000e+00 8.964819092282066748e+00 2.557482589519932503e+01 1.671625817224883903e+01 2.251525100236040799e+01 1.449804174519382371e+01 2.281528798084562126e+01 1.740475804629923928e+01 2.636046724797273555e+01 2.248778207608026847e+01 3.101521266845097813e+01 3.004321477871419788e+01 3.684564315658221290e+01 3.806701093349882825e+01 4.447797065781859516e+01 4.535880756860387919e+01 5.245054189073199780e+01 5.393813534944296606e+01 5.236797047159591756e+01 5.367387208055410497e+01 4.515390311964176107e+01 4.750249182859023023e+01 3.973565805296983200e+01 4.330895789718064037e+01 3.434465285691572944e+01 3.943894069697105920e+01 3.067448237150734514e+01 3.647464142814788346e+01 3.681206234457184934e+01 2.994014410613695532e+01 3.101520499996550484e+01 3.859920663258038331e+01 3.337699590611823908e+01 4.226868855840168493e+01 5.894378361026955560e+01 6.783799979718217799e+01 7.562070439106337005e+01 7.158913562603802916e+01 6.850905201214014539e+01 6.385724492962997800e+01 6.095468566541812550e+01 5.613965894762630882e+01 5.116173676960708860e+01 4.734605030451064778e+01 5.240336072030109449e+01 4.503050200443473727e+01 6.650347438763994035e+01 5.884931631722561463e+01 5.172654850702199525e+01 4.386212595962187066e+01 4.487923515670889429e+01 5.930973951833458813e+01 6.613993890756584904e+01 5.183400355889671118e+01 6.631729786649556502e+01 6.008641931235511180e+01 5.346613936922906873e+01 4.759350200059680702e+01 5.076142454768972101e+01 6.134896474243650744e+01 5.559745766033945102e+01
4.290740884756507967e+01 3.394633518479754031e+01 3.067448192596250678e+01 2.498794991065846105e+01 2.292341747463790824e+01 1.697316759209017434e+01 1.491836150921189308e+01 8.018379493857548113e+00 8.964819092282066748e+00 0.000000000000000000e+00 1.671625817382551560e+01 7.783642662982749094e+00 1.393268133772711792e+01 7.459182019725987267e+00 1.641773312697961273e+01 1.449804464050134811e+01 2.248778207607913870e+01 2.184633641091438605e+01 2.893205665293496764e+01 3.059376308829320124e+01 3.601411224852230220e+01 3.904509614961224173e+01 4.426898871101447952e+01 4.687363877587027616e+01 5.286146371506196573e+01 5.577508894453397659e+01 5.145093896079907125e+01 5.125832841984038168e+01 4.338027480075273701e+01 4.405901615352354384e+01 3.684564315663070033e+01 3.867921447590664741e+01 2.994014971234741651e+01 3.337700297873882249e+01 2.441228665810498555e+01 2.910249346045581476e+01 2.841459512694889611e+01 2.207155916739024093e+01 2.215542647764727846e+01 2.967049917064487374e+01 2.446287694283457981e+01 3.335846855970365965e+01 5.003770283797530993e+01 5.893329445326421734e+01 6.671693711782714331e+01 6.262553378308398067e+01 5.960087971976525978e+01 5.489245016195626903e+01 5.208386096627792483e+01 4.717599892270082762e+01 4.225406017341239107e+01 3.839043041483427032e+01 4.360768491603752750e+01 3.635580136019587627e+01 5.782134791925304995e+01 5.024730117858945277e+01 4.330895147679135704e+01 3.580752227723627357e+01 3.787162288551740374e+01 5.119797918604110976e+01 5.778926523894502054e+01 4.414311833437281507e+01 5.852275769538572803e+01 5.268573972697397778e+01 4.671509974527499764e+01 4.179805041152572187e+01 4.607550524699457384e+01 5.471196611230750761e+01 4.979000059839128056e+01
5.425810318856398595e+01 4.571179286744389003e+01 4.482409838771076949e+01 3.736215039886664613e+01 3.782261483514335509e+01 2.994014410613695532e+01 3.101520500302470751e+01 2.251525100236040799e+01 2.557482589519932503e+01 1.671625817382551560e+01 0.000000000000000000e+00 8.964819093850037390e+00 8.964820964893725375e+00 1.544768964424747715e+01 1.792964193058056566e+01 2.364036189102549557e+01 2.689446289536557444e+01 3.145067021818173814e+01 3.489820231116129889e+01 4.016892176157644201e+01 4.290740884836825586e+01 4.827703644378485848e+01 5.130654532662376255e+01 5.627165856091539098e+01 6.027133871910675822e+01 6.516059994202502992e+01 5.679655487580227913e+01 5.393813534983387825e+01 4.790423858713343463e+01 4.535880756860387919e+01 4.009189970306413642e+01 3.806701093331419372e+01 3.131277493256314060e+01 3.002263019403001820e+01 2.267940378416432168e+01 2.248778207608026847e+01 1.740475804629923928e+01 1.556728973029082574e+01 8.964820964109739165e+00 1.449804174519382371e+01 7.862666486396925336e+00 1.671625817382551560e+01 3.337699590611823908e+01 4.226868855682205606e+01 5.005005630844422626e+01 4.624959189438582996e+01 4.398879204106248153e+01 3.859920663258038331e+01 3.681206234457184934e+01 3.101520500149510795e+01 2.559898729752024238e+01 2.251525100087765807e+01 2.899608349158948428e+01 2.281528798200081809e+01 4.349412523644890172e+01 3.647464142814788346e+01 3.067448237041899617e+01 2.538071227358121718e+01 3.101521266845097813e+01 3.943894069594637131e+01 4.487923515670889429e+01 3.434465285768313692e+01 4.759350200059680702e+01 4.330895789640978677e+01 3.973565805296983200e+01 3.795315939541024619e+01 4.449186784469954148e+01 4.750249182914507173e+01 4.515390311964176107e+01
4.741129990977651687e+01 3.859921231354618953e+01 3.671116269692933543e+01 2.987813670702534807e+01 2.937734820356174481e+01 2.207155916619612057e+01 2.215542647915410868e+01 1.393268133633989159e+01 1.671625817224883903e+01 7.783642662982749094e+00 8.964819093850037390e+00 0.000000000000000000e+00 8.018379494734070079e+00 8.018379493857548113e+00 1.445534046383795435e+01 1.697316759209017434e+01 2.267940378416232505e+01 2.498794990981465602e+01 3.024828956945713188e+01 3.394633518396937433e+01 3.800199346299926617e+01 4.234176361077757633e+01 4.646298168868578671e+01 5.034564063382006793e+01 5.534112176700725882e+01 5.930974769701307281e+01 5.286146371466308835e+01 5.134268444189130065e+01 4.426898871101447952e+01 4.336602139136572021e+01 3.696290617537247414e+01 3.696290617556262958e+01 2.891068092757714680e+01 3.024828956992184104e+01 2.159014915057479556e+01 2.441228665810498555e+01 2.207155916739024093e+01 1.697316759291834032e+01 1.491836150779854187e+01 2.215542647915410868e+01 1.667923427985182983e+01 2.557482589672091322e+01 4.225406017499256706e+01 5.114965179028146736e+01 5.893329445484439333e+01 5.489245016352472817e+01 5.208386096627792483e+01 4.717599892270082762e+01 4.465828555985685000e+01 3.948593230677040822e+01 3.447041751042964108e+01 3.075498879950383824e+01 3.635580136019587627e+01 2.937734820493738397e+01 5.072486659817487009e+01 4.330895147817075497e+01 3.671116269822160660e+01 2.987813670702534807e+01 3.337700297873882249e+01 4.498930044991591615e+01 5.119797918734523279e+01 3.859921231459318136e+01 5.268573972810788320e+01 4.741129991077714578e+01 4.234176361077757633e+01 3.867921447590664741e+01 4.405901615380270897e+01 5.034564063462278227e+01 4.646298168925303429e+01
4.571179286586785651e+01 3.736215039847972719e+01 3.737869113813830779e+01 2.937734820460702068e+01 3.101520500257101531e+01 2.251525100205954288e+01 2.557482589636935089e+01 1.667923427962255190e+01 2.251525100236040799e+01 1.393268133772711792e+01 8.964820964893725375e+00 8.018379494734070079e+00 0.000000000000000000e+00 8.895591616746797214e+00 8.964820965685193599e+00 1.544768964408751266e+01 1.792964193046691079e+01 2.292341747441695077e+01 2.593488878725753821e+01 3.145067021792952744e+01 3.394633518466935840e+01 3.943894069776735734e+01 4.234176361058986515e+01 4.741129991147818856e+01 5.130654532724978623e+01 5.627165855964778984e+01 4.790423858707331561e+01 4.535880756862432150e+01 3.904509614950313789e+01 3.696290617550624091e+01 3.131277493256996181e+01 3.002263019407940448e+01 2.267940378446023075e+01 2.267940378415033109e+01 1.445534046378857340e+01 1.641773312688540187e+01 1.449804174505483623e+01 8.964820964901209166e+00 8.895591613586448787e+00 1.667923427804237591e+01 1.393268133633989159e+01 2.215542647915410868e+01 3.839043041483427032e+01 4.717599892113653937e+01 5.489245016195626903e+01 5.003770283728747614e+01 4.624959189211578092e+01 4.225406017283155791e+01 3.859920663199647350e+01 3.447041750995580145e+01 3.075498879796129259e+01 2.557482589320900601e+01 2.994014238837556974e+01 2.251525100205954288e+01 4.398879204042786739e+01 3.635580135830556969e+01 2.937734820185573881e+01 2.207155916599051082e+01 2.538071227348667591e+01 3.736215039594020482e+01 4.386212595909924516e+01 3.067448237127397448e+01 4.487923515634425087e+01 3.943894069571798155e+01 3.434465285682898639e+01 3.101521266846744851e+01 3.684564315657736699e+01 4.234176361058986515e+01 3.867921447530693513e+01
3.943894069571798155e+01 3.067448237127397448e+01 2.937734820185573881e+01 2.207155916718463118e+01 2.251525100205954288e+01 1.449804174505483623e+01 1.667923427962255190e+01 7.783642662875752016e+00 1.449804174519382371e+01 7.459182019725987267e+00 1.544768964424747715e+01 8.018379493857548113e+00 8.895591616746797214e+00 0.000000000000000000e+00 8.964820964901209166e+00 8.964820964901209166e+00 1.556728973024144480e+01 1.697316759198402991e+01 2.267940378415033109e+01 2.593488878644454232e+01 3.024828956942116776e+01 3.434465285759638675e+01 3.867921447530693513e+01 4.234176361058986515e+01 4.750249182909738721e+01 5.130654532567443482e+01 4.535880756831442540e+01 4.447797065786797788e+01 3.696290617531610678e+01 3.696290617531610678e+01 3.002263019407940448e+01 3.131277493256996181e+01 2.267940378415033109e+01 2.593488878725753821e+01 1.697316759281219589e+01 2.207155916718463118e+01 2.251525100205954288e+01 1.544768964408751266e+01 1.779118323033324600e+01 2.557482589478917490e+01 2.215542647915410868e+01 3.075498880104638033e+01 4.717599892270082762e+01 5.599631864259896474e+01 6.373126489383803772e+01 5.893329445403428224e+01 5.503866540824218134e+01 5.114965178957834269e+01 4.734605030533864323e+01 4.336600912670259333e+01 3.948593230521295538e+01 3.447041750995580145e+01 3.859920663354417769e+01 3.101520500257101531e+01 5.240336071952015828e+01 4.465828555929127930e+01 3.737869113813830779e+01 2.937734820323138152e+01 3.067448237127397448e+01 4.482409838716883144e+01 5.172654850777242785e+01 3.736215039847972719e+01 5.183400355837288487e+01 4.571179286586785651e+01 3.943894069674266234e+01 3.434465285759638675e+01 3.867921447580662431e+01 4.741129991147818856e+01 4.234176361058986515e+01
3.736215039555327877e+01 2.937734820284999415e+01 3.075498879707766164e+01 2.215542647853918723e+01 2.557482589437901055e+01 1.667923427777487788e+01 2.251525100205954288e+01 1.449804174505483623e+01 2.281528798084562126e+01 1.641773312697961273e+01 1.792964193058056566e+01 1.445534046383795435e+01 8.964820965685193599e+00 8.964820964901209166e+00 0.000000000000000000e+00 8.895591615023956678e+00 8.964820964780068735e+00 1.491836150742098788e+01 1.697316759186720247e+01 2.292341747293795962e+01 2.498794990956067608e+01 3.067448237104058961e+01 3.337700297765812962e+01 3.859921231300447886e+01 4.234176361042078440e+01 4.741129990917202264e+01 3.904509614888998215e+01 3.696290617530750922e+01 3.024828956933201241e+01 2.891068092752776764e+01 2.267940378413634406e+01 2.267940378444624017e+01 1.445534046373919601e+01 1.697316759269536490e+01 8.018379494619498615e+00 1.393268133738364511e+01 1.667923427935505032e+01 8.895591616604132668e+00 1.544768964272259204e+01 2.251525100205954288e+01 2.207155916739024093e+01 2.937734820493738397e+01 4.465828555985685000e+01 5.315302198480191009e+01 6.068022794227456984e+01 5.503866540980647670e+01 5.003770283648498918e+01 4.734605030533864323e+01 4.225406017373406797e+01 3.968894626108947676e+01 3.737869113859439096e+01 3.101520500104141931e+01 3.335846855871010064e+01 2.557482589595918299e+01 4.624959189293604567e+01 3.839043041527290256e+01 3.075498879862020729e+01 2.215542647853918723e+01 2.207155916695013786e+01 3.737869113760937978e+01 4.465828555863409832e+01 2.937734820422563686e+01 4.386212595993860930e+01 3.736215039682303996e+01 3.067448237104058961e+01 2.538071227415365172e+01 2.994014971265026048e+01 3.859921231405145647e+01 3.337700297844777708e+01
3.067448236995224420e+01 2.207155916695013786e+01 2.215542647703235346e+01 1.393268133738364511e+01 1.667923427935505032e+01 7.783642662750918539e+00 1.449804174638797072e+01 8.468352946640669288e+00 1.740475804629923928e+01 1.449804464050134811e+01 2.364036189102549557e+01 1.697316759209017434e+01 1.544768964408751266e+01 8.964820964901209166e+00 8.895591615023956678e+00 0.000000000000000000e+00 8.964820964780068735e+00 8.018379493742976649e+00 1.445534046373919601e+01 1.697316759186720247e+01 2.159014915017364800e+01 2.538071227415365172e+01 2.994014971223945665e+01 3.337700297844777708e+01 3.867921447574458682e+01 4.234176360963233776e+01 3.696290617530750922e+01 3.696290617530750922e+01 2.891068092752776764e+01 3.024828956933201241e+01 2.267940378413634406e+01 2.593488878714742896e+01 1.697316759186720247e+01 2.292341747416436348e+01 1.491836150883433554e+01 2.215542647853918723e+01 2.557482589437901055e+01 1.779118323162808935e+01 2.356177658896231009e+01 3.101520500104141931e+01 2.937734820356174481e+01 3.737869114005162174e+01 5.315302198480191009e+01 6.176073286041359012e+01 6.935210633648780743e+01 6.385724493019549897e+01 5.893329445150893520e+01 5.613965894675011015e+01 5.114965178875802110e+01 4.844321489790841895e+01 4.571178858197277606e+01 3.968894625953998911e+01 4.225406017373406797e+01 3.447041751098313966e+01 5.503866540736314050e+01 4.717599892131683248e+01 3.948593230406211063e+01 3.075498879862020729e+01 2.937734820284999415e+01 4.571178858071616702e+01 5.315302198330898165e+01 3.737869113906660345e+01 5.172654850709615459e+01 4.482409838662688628e+01 3.736215039682303996e+01 3.067448237104058961e+01 3.337700297844777708e+01 4.498930045030822100e+01 3.859921231300447886e+01
2.937734820116586221e+01 2.215542647823093958e+01 2.559898729634944559e+01 1.671625817306291850e+01 2.251525100170745475e+01 1.449804174483631414e+01 2.281528798177156858e+01 1.740475804619924105e+01 2.636046724797273555e+01 2.248778207607913870e+01 2.689446289536557444e+01 2.267940378416232505e+01 1.792964193046691079e+01 1.556728973024144480e+01 8.964820964780068735e+00 8.964820964780068735e+00 0.000000000000000000e+00 8.964819091877593848e+00 8.018379493744493658e+00 1.491836150725165488e+01 1.603675898745641959e+01 2.207155916681266206e+01 2.441228665703243195e+01 2.987813670634076857e+01 3.337700297839964492e+01 3.859921231175967904e+01 3.024828956938444691e+01 2.891068092762652952e+01 2.159014915020727798e+01 2.159014915020727798e+01 1.445534046383795435e+01 1.697316759270470143e+01 8.018379493744493658e+00 1.491836150866500788e+01 8.964819093445568043e+00 1.671625817306291850e+01 2.251525100170745475e+01 1.544768964385290033e+01 2.364036188958903750e+01 2.994014410576091834e+01 3.067448237147400647e+01 3.736215039881137301e+01 5.172654850835207441e+01 5.988028596899146550e+01 6.716945043057359044e+01 6.095468566601947202e+01 5.503866540736314050e+01 5.346613309057499919e+01 4.734605030458358499e+01 4.607549519065511134e+01 4.482409838763335586e+01 3.782261483317906681e+01 3.859920663293037535e+01 3.101520500208014042e+01 5.003770283568245958e+01 4.226868855646617362e+01 3.448834751634723261e+01 2.559898729792812588e+01 2.215542647823093958e+01 3.948593230345524319e+01 4.717599892058230893e+01 3.075498879970341193e+01 4.465828555802484345e+01 3.737869113713772151e+01 2.937734820254149071e+01 2.207155916681266206e+01 2.441228665782415419e+01 3.671116269838876889e+01 2.987813670634076857e+01
2.281528798028687177e+01 1.449804174605409557e+01 1.667923427754558574e+01 7.783642664224091234e+00 1.393268133738364511e+01 7.459182019637385253e+00 1.641773312763456261e+01 1.449804464045094043e+01 2.248778207608026847e+01 2.184633641091438605e+01 3.145067021818173814e+01 2.498794990981465602e+01 2.292341747441695077e+01 1.697316759198402991e+01 1.491836150742098788e+01 8.018379493742976649e+00 8.964819091877593848e+00 0.000000000000000000e+00 8.964820964792606262e+00 8.964820964792606262e+00 1.445534046378857340e+01 1.740475804684639982e+01 2.248778207605759505e+01 2.538071227407261787e+01 3.101521266880582672e+01 3.434465285658770739e+01 3.002263019407940448e+01 3.131277493204577667e+01 2.267940378412435010e+01 2.593488878624005878e+01 1.792964192959434300e+01 2.364036189041194902e+01 1.544768964235441189e+01 2.356177658981224354e+01 1.779118323138351343e+01 2.557482589402742335e+01 3.075498879862020729e+01 2.321817630343149830e+01 3.035030180340628903e+01 3.737869113813830779e+01 3.671116269822160660e+01 4.428294232224516236e+01 5.947627957479821248e+01 6.786533547819652767e+01 7.530119783793610111e+01 6.935210633556555138e+01 6.373126489038396869e+01 6.176073285959953552e+01 5.599631864094892109e+01 5.422390413782081708e+01 5.227343106105330151e+01 4.571178858139160184e+01 4.717599892131683248e+01 3.948593230561956346e+01 5.894378360756957136e+01 5.114965178805484669e+01 4.336600912383077144e+01 3.447041750892909562e+01 3.101520500016340520e+01 4.844321489493518840e+01 5.613965894510326393e+01 3.968894625994310132e+01 5.346613308913184426e+01 4.607549518796879795e+01 3.782261483226366039e+01 2.994014410513589297e+01 3.067448237084054696e+01 4.482409838753432041e+01 3.736215039649138703e+01
2.251525099966834986e+01 1.667923427885824594e+01 2.251525099996924340e+01 1.449804174605409557e+01 2.207155916695013786e+01 1.641773312678274266e+01 2.538071227424818943e+01 2.248778207607233526e+01 3.101521266845097813e+01 2.893205665293496764e+01 3.489820231116129889e+01 3.024828956945713188e+01 2.593488878725753821e+01 2.267940378415033109e+01 1.697316759186720247e+01 1.445534046373919601e+01 8.018379493744493658e+00 8.964820964792606262e+00 0.000000000000000000e+00 8.895591614758993515e+00 8.018379493710574124e+00 1.449804174591509742e+01 1.641773312671629625e+01 2.207155916660703809e+01 2.538071227402134156e+01 3.067448236955460672e+01 2.267940378415877944e+01 2.267940378415877944e+01 1.445534046378857340e+01 1.697316759177038747e+01 8.964820964800086500e+00 1.544768964355935204e+01 8.895591614758993515e+00 1.779118323109816302e+01 1.544768964371933251e+01 2.251525100145198977e+01 2.937734820284999415e+01 2.292341747416436348e+01 3.145067021681217767e+01 3.736215039720998021e+01 3.859921231354618953e+01 4.498930045112662413e+01 5.875469640646902292e+01 6.664276950373508157e+01 7.373320321912657960e+01 6.716945042975143565e+01 6.068022793901156575e+01 5.988028596828183225e+01 5.315302198330898165e+01 5.273265032836173560e+01 5.211946103983140688e+01 4.482409838716883144e+01 4.465828555863409832e+01 3.737869113906660345e+01 5.489245015947807360e+01 4.734605030395842107e+01 3.968894625839361368e+01 3.101520500016340520e+01 2.557482589361723413e+01 4.336600912313522826e+01 5.114965178723446826e+01 3.447041750995640541e+01 4.734605030322767050e+01 3.968894625779121554e+01 3.101520499970967393e+01 2.251525100115109979e+01 2.207155916660703809e+01 3.737869113813882649e+01 2.937734820221110610e+01
1.449804174458196471e+01 7.783642664099250652e+00 1.449804174472096463e+01 8.468352947178601653e+00 1.641773312753190339e+01 1.449804464040034091e+01 2.248778207630673620e+01 2.292342099803251187e+01 3.004321477871419788e+01 3.059376308829320124e+01 4.016892176157644201e+01 3.394633518396937433e+01 3.145067021792952744e+01 2.593488878644454232e+01 2.292341747293795962e+01 1.697316759186720247e+01 1.491836150725165488e+01 8.964820964792606262e+00 8.895591614758993515e+00 0.000000000000000000e+00 8.018379493710574124e+00 8.468352947202911096e+00 1.449804464044703423e+01 1.641773312746545699e+01 2.248778207633289483e+01 2.538071227325982449e+01 2.267940378415877944e+01 2.593488878617229076e+01 1.697316759177038747e+01 2.292341747255780504e+01 1.544768964219443141e+01 2.356177658949189180e+01 1.779118322951798703e+01 2.668677484585715476e+01 2.356177658981224354e+01 3.101520500016340520e+01 3.737869113760937978e+01 3.035030180439585124e+01 3.826138991423103874e+01 4.482409838716883144e+01 4.498930044991591615e+01 5.211946104114619516e+01 6.664276950373508157e+01 7.475738227628556842e+01 8.199068817534440257e+01 7.562070623412968473e+01 6.935210633294583715e+01 6.821967879666544832e+01 6.176073285865170703e+01 6.091410448592070992e+01 5.972522401427486471e+01 5.273265032692895460e+01 5.315302198330898165e+01 4.571178858221525587e+01 6.373126488937819545e+01 5.613965894510326393e+01 4.844321489493518840e+01 3.968894625839361368e+01 3.447041750837623653e+01 5.226160073789422000e+01 6.004524340199348131e+01 4.336600912471541136e+01 5.613965894422699421e+01 4.844321489418619819e+01 3.968894625779121554e+01 3.101520499970967393e+01 2.937734820221110610e+01 4.571178858100542897e+01 3.737869113668160281e+01
1.671625817099381450e+01 1.393268133708745005e+01 2.207155916561507780e+01 1.641773312752464520e+01 2.441228665787971863e+01 2.138877104986145383e+01 2.994014971273039905e+01 2.893205665293437789e+01 3.684564315658221290e+01 3.601411224852230220e+01 4.290740884836825586e+01 3.800199346299926617e+01 3.394633518466935840e+01 3.024828956942116776e+01 2.498794990956067608e+01 2.159014915017364800e+01 1.603675898745641959e+01 1.445534046378857340e+01 8.018379493710574124e+00 8.018379493710574124e+00 0.000000000000000000e+00 7.862666487385601144e+00 8.468352946516997548e+00 1.449804174574672011e+01 1.740475804674271387e+01 2.281528797992366364e+01 1.556728973029082574e+01 1.792964192946287483e+01 8.964820964726875729e+00 1.544768964201109362e+01 8.964819091620796598e+00 1.782589778733056107e+01 1.491836150708758169e+01 2.321817630281120515e+01 2.292341747400567087e+01 2.937734820256821067e+01 3.671116269746188010e+01 3.067448192659388795e+01 3.934477631542205245e+01 4.498930044955283591e+01 4.655602359633626719e+01 5.273265446709857684e+01 6.600895165391605701e+01 7.365770581500217418e+01 8.056068682776425760e+01 7.373320321826878398e+01 6.680953715628395173e+01 6.664276950299135649e+01 5.947627957323268078e+01 5.972522401502890688e+01 5.960088473592844593e+01 5.211946103933537700e+01 5.125831644508373586e+01 4.428294232120283880e+01 6.042498889821187191e+01 5.315302198264573263e+01 4.571178858016619273e+01 3.737869113719146696e+01 3.075498879775795302e+01 4.827702832676827427e+01 5.599631863931057296e+01 3.948593230448534541e+01 5.116173676732149289e+01 4.338026254396248760e+01 3.448834751532260157e+01 2.559898729716920229e+01 2.251525100086148257e+01 3.968894625880636085e+01 3.101520499929774388e+01
8.895591613036142320e+00 8.964820964800086500e+00 1.792964192881035501e+01 1.556728973029082574e+01 2.267940378413634406e+01 2.267940378444624017e+01 3.002263019407940448e+01 3.131277493256996181e+01 3.806701093349882825e+01 3.904509614961224173e+01 4.827703644378485848e+01 4.234176361077757633e+01 3.943894069776735734e+01 3.434465285759638675e+01 3.067448237104058961e+01 2.538071227415365172e+01 2.207155916681266206e+01 1.740475804684639982e+01 1.449804174591509742e+01 8.468352947202911096e+00 7.862666487385601144e+00 0.000000000000000000e+00 8.018379494506438832e+00 8.018379493629915089e+00 1.445534046378857340e+01 1.697316759086744398e+01 1.641773312740626523e+01 2.207155916640487092e+01 1.393268133689157295e+01 2.215542647761596129e+01 1.667923427859072305e+01 2.557482589478721735e+01 2.251525100115109979e+01 3.101520500123927704e+01 2.994014410648567193e+01 3.681206234461856752e+01 4.386212595993860930e+01 3.736215039809280114e+01 4.571179286586785651e+01 5.183400355837288487e+01 5.268573972810788320e+01 5.939307112451745496e+01 7.323684965892860532e+01 8.105795635395497811e+01 8.806888843831288227e+01 8.135485741451461195e+01 7.455864591239350148e+01 7.417625030217888593e+01 6.716945042879223138e+01 6.713262678672406025e+01 6.661493619731066929e+01 5.930973951901488306e+01 5.884931631707050315e+01 5.172654850852283914e+01 6.826497319836052213e+01 6.095468566433491020e+01 5.346613308913184426e+01 4.503050200261787950e+01 3.859920663184732348e+01 5.613965894422699421e+01 6.385724492731274893e+01 4.734605030478635257e+01 5.893329445038848036e+01 5.114965178641406851e+01 4.225406017179776086e+01 3.335846855718144610e+01 2.967049917004350590e+01 4.717599892076248835e+01 3.839043041356676866e+01
1.491836150687407425e+01 1.697316759259854990e+01 2.593488878624005878e+01 2.267940378443424621e+01 3.024828956979671801e+01 2.891068092752776764e+01 3.696290617550624091e+01 3.696290617531610678e+01 4.447797065781859516e+01 4.426898871101447952e+01 5.130654532662376255e+01 4.646298168868578671e+01 4.234176361058986515e+01 3.867921447530693513e+01 3.337700297765812962e+01 2.994014971223945665e+01 2.441228665703243195e+01 2.248778207605759505e+01 1.641773312671629625e+01 1.449804464044703423e+01 8.468352946516997548e+00 8.018379494506438832e+00 0.000000000000000000e+00 8.895591616074190355e+00 8.964820965518338625e+00 1.544768964185110605e+01 8.468352946541308768e+00 1.449804174427457859e+01 7.783642662287221015e+00 1.667923427678123716e+01 1.393268133550434484e+01 2.215542647761596129e+01 2.207155916541291774e+01 2.937734820221110610e+01 3.067448237084054696e+01 3.647464142709780077e+01 4.414311833239548832e+01 3.859921231300447886e+01 4.741129990947694495e+01 5.268573972656663074e+01 5.471196611134404719e+01 6.054764580429638698e+01 7.316929004813427184e+01 8.050695371358652608e+01 8.716574047334168540e+01 8.006805078956395505e+01 7.271160271477674542e+01 7.323684965678226888e+01 6.564267412595700080e+01 6.661493619664555865e+01 6.705891953504918490e+01 5.939307112149706569e+01 5.778926523762982725e+01 5.119797918627865130e+01 6.575558996448891946e+01 5.884931631491399884e+01 5.172654850508981639e+01 4.386212595812862247e+01 3.635580135690295123e+01 5.315302198033563741e+01 6.068022793731844189e+01 4.465828555745922301e+01 5.489245015786114124e+01 4.717599891763390474e+01 3.839043041201063744e+01 2.967049916850380242e+01 2.446287694064863416e+01 4.225406017121684243e+01 3.335846855514265741e+01
