0.000000000000000000e+00 8.895591615258792828e+00 8.964820964567474348e+00 1.544768964234442343e+01 1.667923427683254189e+01 2.251525099906140781e+01 2.994014410283313765e+01 2.364036188900060864e+01 1.792964192991311023e+01 2.593488878646614282e+01 3.145067021605467517e+01 3.736215039557925621e+01 4.571179286431956967e+01 3.943894069499457089e+01 3.394633518366515545e+01 4.290740884712690217e+01 4.741129990973565356e+01 5.348925941557172337e+01 6.212005007224254882e+01 5.627165855901905900e+01 5.186977757243339937e+01 5.930974769742108776e+01 6.516059994026737456e+01 7.001748567282751878e+01 6.884213798740047707e+01 7.554710144535003735e+01 7.472430078984223201e+01 6.862626891579861876e+01 6.661493619239246300e+01 6.027133221603193647e+01 5.274437477913513561e+01 6.027133012584302918e+01 4.482409838308961980e+01 5.273265032311742573e+01 3.782261483039233241e+01 4.571178857723443656e+01 3.968894625376849916e+01 3.101520499817586796e+01 2.557482589051115340e+01 3.447041750576995156e+01 7.420125100949053376e+01 4.225406016734369530e+01 5.114965178260248990e+01 7.269459311972521220e+01 6.496104396567280048e+01 5.613965893842306087e+01 4.734605029837181434e+01 5.315302197886516211e+01 6.176073285157347215e+01 6.935210632644486850e+01 7.807433856315472553e+01 8.416359337875702806e+01 7.562070622575465961e+01 6.821967879077085684e+01 5.988028596203103859e+01 6.713262677964978309e+01 7.519439510995887588e+01 8.238934274605003338e+01 9.073122168611909899e+01 9.725581663100457774e+01 8.908092684499358427e+01 8.205098828766264774e+01 8.204345559632969298e+01 8.868447072852841018e+01 9.648360554507794973e+01 8.154460809362055329e+01 9.040356989656912390e+01 8.702377131677201305e+01 9.469210059750886899e+01
8.895591615258792828e+00 0.000000000000000000e+00 8.964820965351462334e+00 8.964820964567474348e+00 7.783642661573745514e+00 1.449804174349421793e+01 2.281528797900157812e+01 1.792964192912912225e+01 1.556728973029082574e+01 2.267940378409281976e+01 2.593488878565314693e+01 3.067448236954258789e+01 3.943894069499457089e+01 3.434465285597518402e+01 3.024828956913942335e+01 3.904509614854516997e+01 4.234176360962364782e+01 4.741129990773439573e+01 5.627165855805109373e+01 5.130654532549810654e+01 4.790423858598681051e+01 5.534112176635174052e+01 6.027133871640166518e+01 6.427219994405544412e+01 6.469404231735023814e+01 6.926291727677246968e+01 6.778330732017597882e+01 6.212005007113943122e+01 5.939307111813118212e+01 5.348925941557172337e+01 4.571179286312798240e+01 5.274437477783592954e+01 3.736215039303972674e+01 4.482409838308961980e+01 2.994014410283313765e+01 3.737869113376784469e+01 3.101520499511666529e+01 2.251525099906140781e+01 1.667923427525236235e+01 2.557482589051115340e+01 6.661493619239246300e+01 3.335846855208490069e+01 4.225406016734369530e+01 6.385724491911315681e+01 5.613965893842306087e+01 4.734605029681313937e+01 3.859920662639631672e+01 4.465828555379469122e+01 5.315302197582391841e+01 6.068022793207207144e+01 6.935210632489939542e+01 7.562070622424435840e+01 6.716945042101347951e+01 5.988028596203103859e+01 5.172654850124617809e+01 5.930973951300241964e+01 6.713262677964978309e+01 7.417625029419619409e+01 8.238934274457849938e+01 8.908092684499358427e+01 8.105795634573065911e+01 7.420125100811709729e+01 7.472430078984223201e+01 8.111132878911767818e+01 8.868447072716131174e+01 7.269459311815413116e+01 8.154460809362055329e+01 7.828784058504044197e+01 8.592998843254888186e+01
8.964820964567474348e+00 8.964820965351462334e+00 0.000000000000000000e+00 8.895591615401496455e+00 1.449804174482735064e+01 1.667923427710011097e+01 2.251525099936235819e+01 1.544768964250443766e+01 8.964820965343989201e+00 1.697316759224600347e+01 2.292341747274005570e+01 2.937734820190312490e+01 3.736215039593686527e+01 3.067448236974020404e+01 2.498794990975139285e+01 3.394633518377267478e+01 3.859921231277010634e+01 4.498930044710038345e+01 5.348925941717568122e+01 4.741129991004061850e+01 4.290740884731180671e+01 5.034564063359788122e+01 5.627165855835076513e+01 6.132880692222156682e+01 5.988029599056741148e+01 6.705891953327241595e+01 6.661493619313679915e+01 6.027133221664039553e+01 5.875469640175122521e+01 5.211946103731557400e+01 4.482409838497914478e+01 5.273265032379205763e+01 3.737869113427777990e+01 4.571178857789440997e+01 3.101520499862968450e+01 3.948593230096106055e+01 3.447041750474274835e+01 2.557482589250160743e+01 2.251525099906140781e+01 3.101520499817586796e+01 6.664276949943500483e+01 3.859920662794402091e+01 4.734605029993048220e+01 6.782888605894297029e+01 6.004524339724436288e+01 5.114965178184285577e+01 4.225406016802154596e+01 4.717599891726637651e+01 5.599631863424493616e+01 6.373126488430039416e+01 7.258395321123825283e+01 7.807433856436423980e+01 6.935210632750906257e+01 6.176073285404621771e+01 5.315302197813413443e+01 5.988028596284076599e+01 6.821967879173280380e+01 7.562070622684829857e+01 8.416359337999983836e+01 9.036937388886551048e+01 8.199068816775941571e+01 7.475738227102250733e+01 7.420125101038971138e+01 8.105795634817341977e+01 8.908092684618006274e+01 7.672447767276430852e+01 8.562006928816580853e+01 8.154460809491206419e+01 8.929580138140565282e+01
1.544768964234442343e+01 8.964820964567474348e+00 8.895591615401496455e+00 0.000000000000000000e+00 8.468352946441937590e+00 7.783642661698612741e+00 1.449804174363324805e+01 8.964820964560001215e+00 8.964820964560001215e+00 1.445534046378857340e+01 1.697316759141783749e+01 2.207155916565391252e+01 3.067448236974020404e+01 2.538071227286536669e+01 2.159014915008966184e+01 3.024828956913419375e+01 3.337700297781751857e+01 3.859921231067614400e+01 4.741129990903998959e+01 4.234176360979274989e+01 3.904509614861832034e+01 4.646298168875419776e+01 5.130654532487213260e+01 5.539694481087153832e+01 5.577508894459048605e+01 6.054764580092855653e+01 5.939307111872025047e+01 5.348925941602595202e+01 5.119797918233754785e+01 4.498930044710038345e+01 3.736215039466710408e+01 4.482409838360716492e+01 2.937734819915185014e+01 3.737869113427777990e+01 2.251525099936235819e+01 3.075498879506090688e+01 2.557482588934125900e+01 1.667923427710011097e+01 1.449804174349421793e+01 2.251525099906140781e+01 5.875469640175122521e+01 2.994014238415361007e+01 3.859920662794402091e+01 5.893329444354147029e+01 5.114965178184285577e+01 4.225406016644136997e+01 3.335846855262004595e+01 3.839043041075134255e+01 4.717599891413779289e+01 5.489245015377147041e+01 6.373126488272888679e+01 6.935210632596360369e+01 6.068022793299023476e+01 5.315302197813413443e+01 4.465828555294092439e+01 5.172654850190134113e+01 5.988028596284076599e+01 6.716945042195651183e+01 7.562070622533799735e+01 8.199068816775941571e+01 7.373320321107671305e+01 6.664276949801126193e+01 6.661493619313679915e+01 7.323684965263458935e+01 8.105795634676444195e+01 6.782888605736279430e+01 7.672447767276430852e+01 7.269459311930164347e+01 8.043780635340398533e+01
1.667923427683254189e+01 7.783642661573745514e+00 1.449804174482735064e+01 8.468352946441937590e+00 0.000000000000000000e+00 8.964820964567474348e+00 1.792964192912912225e+01 1.560695165684017560e+01 1.740475804577280527e+01 2.248778207606107316e+01 2.292342099791665433e+01 2.593488878646614282e+01 3.489820231010227758e+01 3.131277493185467264e+01 2.893205665292977713e+01 3.711312850148539866e+01 3.904509614908518245e+01 4.290740884630789509e+01 5.186977757243339937e+01 4.790423858657367617e+01 4.558991930271384518e+01 5.286146371475949479e+01 5.679655487452509988e+01 5.988029598948613597e+01 6.189073893616408384e+01 6.427219994405544412e+01 6.212005007113943122e+01 5.695958810067492095e+01 5.348925941557172337e+01 4.812312370352993440e+01 4.016892175946017574e+01 4.655602137729893997e+01 3.145067021493731829e+01 3.826138991246871512e+01 2.364036188900060864e+01 3.035030180156954316e+01 2.356177658578782896e+01 1.544768964234442343e+01 8.895591613678618614e+00 1.779118322893741322e+01 6.027133221603193647e+01 2.557482589051115340e+01 3.447041750576995156e+01 5.613965893842306087e+01 4.844321489077126586e+01 3.968894625376849916e+01 3.101520499664626840e+01 3.737869113522507547e+01 4.571178857573534771e+01 5.315302197734454381e+01 6.176073285157347215e+01 6.821967878927699758e+01 5.988028596203103859e+01 5.273265032311742573e+01 4.482409838308961980e+01 5.274437477783592954e+01 6.027133012584302918e+01 6.713262677964978309e+01 7.519439510851010766e+01 8.205098828766264774e+01 7.420125100811709729e+01 6.754575635499833197e+01 6.862626891579861876e+01 7.472430078984223201e+01 8.204345559500188756e+01 6.496104396410402160e+01 7.380024566787872686e+01 7.067658198693997917e+01 7.828784058658905565e+01
2.251525099906140781e+01 1.449804174349421793e+01 1.667923427710011097e+01 7.783642661698612741e+00 8.964820964567474348e+00 0.000000000000000000e+00 8.964820964560001215e+00 8.468352946417628146e+00 1.449804174363324805e+01 1.641773312643724481e+01 1.449804464044058427e+01 1.697316759224600347e+01 2.593488878653392149e+01 2.267940378405838686e+01 2.138877104981376576e+01 2.893205665288111561e+01 3.024828956959889936e+01 3.394633518294450880e+01 4.290740884731180671e+01 3.904509614915833282e+01 3.711312850149875686e+01 4.426898871114847367e+01 4.790423858604695084e+01 5.091950277550427018e+01 5.315303479456538582e+01 5.539694481087153832e+01 5.348925941602595202e+01 4.812312370385304661e+01 4.498930044710038345e+01 3.934477631479849435e+01 3.145067021627201598e+01 3.826138991284643254e+01 2.292341747151365894e+01 3.035030180194597094e+01 1.544768964250443766e+01 2.321817630084456852e+01 1.779118322764264448e+01 8.895591615401496455e+00 8.964820964567474348e+00 1.544768964234442343e+01 5.211946103731557400e+01 2.251525099906140781e+01 3.101520499817586796e+01 5.114965178184285577e+01 4.336600912014425546e+01 3.447041750474274835e+01 2.557482589092142788e+01 3.075498879660344542e+01 3.948593229940360771e+01 4.717599891570208115e+01 5.599631863424493616e+01 6.176073285250993905e+01 5.315302197813413443e+01 4.571178857789440997e+01 3.737869113427777990e+01 4.482409838360716492e+01 5.273265032379205763e+01 5.988028596284076599e+01 6.821967879023894454e+01 7.475738227102250733e+01 6.664276949801126193e+01 5.972522401081351973e+01 6.027133221664039553e+01 6.661493619313679915e+01 7.420125100901628912e+01 6.004524339566419400e+01 6.894083501106568690e+01 6.496104396512524204e+01 7.269459312087272451e+01
2.994014410283313765e+01 2.281528797900157812e+01 2.251525099936235819e+01 1.449804174363324805e+01 1.792964192912912225e+01 8.964820964560001215e+00 0.000000000000000000e+00 7.783642661823475528e+00 1.667923427578749340e+01 1.393268133488824212e+01 7.459182019524306817e+00 8.018379494400534213e+00 1.697316759232079164e+01 1.445534046378857340e+01 1.544769179303130890e+01 2.138877104982211108e+01 2.159014915042989813e+01 2.498794990902189284e+01 3.394633518396429395e+01 3.024828956968806182e+01 2.893205665293114848e+01 3.585928620048332505e+01 3.904509614869146361e+01 4.196043026324022662e+01 4.450576007147803637e+01 4.655602359483458486e+01 4.498930044755576318e+01 3.934477631512513796e+01 3.671116269560529588e+01 3.067448192537470320e+01 2.292341747296155319e+01 3.035030180232238806e+01 1.491836150618510359e+01 2.321817630120046161e+01 8.895591615544196529e+00 1.782589778598782715e+01 1.544768964113951704e+01 8.964820965343989201e+00 1.556728973029082574e+01 1.792964192991311023e+01 4.428294231861651298e+01 2.281528798015677495e+01 2.994014410418291661e+01 4.734605029910268570e+01 3.968894625592051284e+01 3.101520499710008494e+01 2.251525099936235819e+01 2.559898729681576413e+01 3.448834751271733268e+01 4.226868855201518471e+01 5.116173676345450616e+01 5.599631863513633334e+01 4.717599891645070187e+01 3.948593230158473943e+01 3.075498879554176312e+01 3.737869113478771510e+01 4.571178857855435496e+01 5.315302197892372504e+01 6.176073285344639174e+01 6.786533547322292748e+01 5.947627956930278259e+01 5.227343105786901134e+01 5.211946103792175222e+01 5.875469640248980596e+01 6.664276949890052038e+01 5.613965893929948692e+01 6.496104396669402092e+01 6.004524339662741994e+01 6.782888606003106702e+01
2.364036188900060864e+01 1.792964192912912225e+01 1.544768964250443766e+01 8.964820964560001215e+00 1.560695165684017560e+01 8.468352946417628146e+00 7.783642661823475528e+00 0.000000000000000000e+00 8.895591613964022315e+00 8.018379493524010471e+00 8.018379493524010471e+00 1.393268133627546845e+01 2.207155916585610100e+01 1.641773312649644367e+01 1.334339119728632106e+01 2.159014915010436297e+01 2.441228665741630621e+01 2.987813670429847335e+01 3.859921231203193059e+01 3.337700297799398896e+01 3.024828956922335621e+01 3.762596983890961155e+01 4.234176360917339110e+01 4.655602359483458486e+01 4.687363877546798108e+01 5.191742620963384525e+01 5.119797918292481853e+01 4.498930044755576318e+01 4.330895147328872952e+01 3.671116269560529588e+01 2.937734820088463294e+01 3.737869113478771510e+01 2.215542647492371131e+01 3.075498879554176312e+01 1.667923427736767295e+01 2.559898729523707317e+01 2.251525099787960826e+01 1.449804174496638076e+01 1.740475804577280527e+01 2.281528798015677495e+01 5.125831644186623492e+01 2.899608348846829387e+01 3.681206234143219547e+01 5.503866540094318083e+01 4.734605029910268570e+01 3.859920662698038285e+01 2.994014238458861499e+01 3.337699590265722804e+01 4.226868855043554873e+01 5.005005630088006541e+01 5.894378360135968364e+01 6.373126488374519738e+01 5.489245015464502586e+01 4.717599891645070187e+01 3.839043040980104138e+01 4.465828555358223895e+01 5.315302197892372504e+01 6.068022793390839098e+01 6.935210632702776934e+01 7.530119783061014971e+01 6.680953715173723140e+01 5.947627956930278259e+01 5.875469640248980596e+01 6.564267412282657688e+01 7.373320321209698136e+01 6.385724492011630815e+01 7.269459312087272451e+01 6.782888605845089103e+01 7.561252872185454521e+01
1.792964192991311023e+01 1.556728973029082574e+01 8.964820965343989201e+00 8.964820964560001215e+00 1.740475804577280527e+01 1.449804174363324805e+01 1.667923427578749340e+01 8.895591613964022315e+00 0.000000000000000000e+00 8.018379493524010471e+00 1.491836150618510359e+01 2.215542647643053797e+01 2.937734820088463294e+01 2.207155916466198065e+01 1.603675898704220515e+01 2.498794990902189284e+01 2.987813670541583022e+01 3.671116269431301760e+01 4.498930044755576318e+01 3.859921231203193059e+01 3.394633518313613507e+01 4.138184287186862065e+01 4.741129990834431851e+01 5.273265446372719367e+01 5.091950277577066686e+01 5.871259550427762264e+01 5.875469640111416680e+01 5.211946103660697105e+01 5.125831644042652613e+01 4.428294231722777141e+01 3.737869113478771510e+01 4.571178857705526610e+01 3.075498879399921393e+01 3.948593230002728660e+01 2.557482589133169526e+01 3.448834751271733268e+01 3.101520499557048183e+01 2.251525099936235819e+01 2.281528797900157812e+01 2.994014410283313765e+01 5.947627956930278259e+01 3.681206234000026711e+01 4.503050199843855239e+01 6.385724492011630815e+01 5.613965893929948692e+01 4.734605029754401073e+01 3.859920662698038285e+01 4.226868855201518471e+01 5.116173676187469255e+01 5.894378360135968364e+01 6.783799978692671573e+01 7.258395321082382168e+01 6.373126488374519738e+01 5.599631863513633334e+01 4.717599891488641362e+01 5.315302197740310675e+01 6.176073285344639174e+01 6.935210632702776934e+01 7.807433856402086292e+01 8.387663342762239438e+01 7.530119782909343940e+01 6.786533547172126646e+01 6.664276949890052038e+01 7.373320321209698136e+01 8.199068816744980381e+01 7.269459311930164347e+01 8.154460809491206419e+01 7.672447767241492045e+01 8.450812033581857463e+01
2.593488878646614282e+01 2.267940378409281976e+01 1.697316759224600347e+01 1.445534046378857340e+01 2.248778207606107316e+01 1.641773312643724481e+01 1.393268133488824212e+01 8.018379493524010471e+00 8.018379493524010471e+00 0.000000000000000000e+00 8.895591614086333365e+00 1.667923427759700772e+01 2.251525099995294354e+01 1.449804174394066614e+01 8.018379493516846424e+00 1.697316759151467025e+01 2.207155916599706202e+01 2.937734819979081990e+01 3.736215039538578964e+01 3.067448237017368839e+01 2.593488878592544467e+01 3.337700297806581062e+01 3.943894069469236996e+01 4.498930044788716032e+01 4.290740884765516938e+01 5.119797918337639686e+01 5.172654850315746700e+01 4.482409838461379081e+01 4.465828555411594891e+01 3.737869113520569186e+01 3.101520499796586350e+01 3.968894625550791488e+01 2.557482589010317042e+01 3.447041750576968155e+01 2.215542647643053797e+01 3.101520499751207183e+01 2.937734819915185014e+01 2.207155916565391252e+01 2.538071227281407261e+01 3.067448236954258789e+01 5.315302197958706643e+01 3.647464142502749951e+01 4.386212595652878576e+01 6.068022793299023476e+01 5.315302197813413443e+01 4.465828555294092439e+01 3.635580135458837958e+01 3.859920662904720245e+01 4.734605029818553135e+01 5.503866540169181576e+01 6.385724492098730565e+01 6.782888605938352100e+01 5.893329444529718586e+01 5.114965178336667151e+01 4.225406016770018169e+01 4.734605029891637429e+01 5.613965894093979614e+01 6.385724492199040725e+01 7.269459312144245189e+01 7.807433856660124150e+01 6.935210632792957597e+01 6.176073285423748160e+01 5.988028596437855811e+01 6.716945042373815511e+01 7.562070622739591386e+01 6.935210632596360369e+01 7.807433856436423980e+01 7.258395321082382168e+01 8.033783097590583111e+01
3.145067021605467517e+01 2.593488878565314693e+01 2.292341747274005570e+01 1.697316759141783749e+01 2.292342099791665433e+01 1.449804464044058427e+01 7.459182019524306817e+00 8.018379493524010471e+00 1.491836150618510359e+01 8.895591614086333365e+00 0.000000000000000000e+00 7.783642663510673465e+00 1.449804174527379885e+01 8.468352946456775499e+00 8.018379493516846424e+00 1.445534046373919601e+01 1.641773312725286260e+01 2.207155916480293811e+01 3.067448237017368839e+01 2.538071227380247663e+01 2.267940378408437496e+01 2.994014971255753110e+01 3.434465285630325582e+01 3.859921231222791960e+01 3.904509614929416728e+01 4.414311833124023821e+01 4.386212595663524638e+01 3.736215039538578964e+01 3.635580135548058678e+01 2.937734820116645551e+01 2.251525099995294354e+01 3.101520499796586350e+01 1.667923427601683173e+01 2.557482589168333575e+01 1.393268133627546845e+01 2.251525099965201093e+01 2.207155916445979216e+01 1.641773312718640554e+01 2.248778207606107316e+01 2.538071227357559323e+01 4.465828555561105162e+01 2.991949099139259260e+01 3.647464142627998740e+01 5.208386095976531749e+01 4.465828555443603420e+01 3.635580135458837958e+01 2.841459512407655552e+01 2.994014238651113402e+01 3.859920662749949116e+01 4.624959188821581790e+01 5.503866540169181576e+01 5.893329444529718586e+01 5.003770283121085072e+01 4.225406016928035058e+01 3.335846855361383945e+01 3.859920662808353597e+01 4.734605030047504926e+01 5.503866540255004480e+01 6.385724492199040725e+01 6.935210632947504905e+01 6.068022793468359311e+01 5.315302197958706643e+01 5.172654850458413023e+01 5.884931631260218410e+01 6.716945042373815511e+01 6.068022793299023476e+01 6.935210632750906257e+01 6.373126488374519738e+01 7.147678457427268484e+01
3.736215039557925621e+01 3.067448236954258789e+01 2.937734820190312490e+01 2.207155916565391252e+01 2.593488878646614282e+01 1.697316759224600347e+01 8.018379494400534213e+00 1.393268133627546845e+01 2.215542647643053797e+01 1.667923427759700772e+01 7.783642663510673465e+00 0.000000000000000000e+00 8.964820964625742405e+00 8.964820965409728615e+00 1.393268133639946349e+01 1.641773312725286260e+01 1.445534046373919601e+01 1.697316759068650782e+01 2.593488878592544467e+01 2.267940378408437496e+01 2.248778207626932257e+01 2.891068092752776764e+01 3.131277493147423385e+01 3.394633518322227417e+01 3.711312850152356901e+01 3.859921231118094198e+01 3.736215039411602845e+01 3.145067021562312348e+01 2.937734819979081990e+01 2.292341747189387036e+01 1.544768964148287971e+01 2.356177658673356845e+01 8.895591612506159152e+00 1.779118322817266673e+01 8.018379493524010471e+00 1.544768964132287614e+01 1.697316759058967151e+01 1.445534046378857340e+01 2.267940378440271587e+01 2.267940378409281976e+01 3.737869113520569186e+01 2.538071227281407261e+01 3.067448236954258789e+01 4.465828555294092439e+01 3.737869113427777990e+01 2.937734819915185014e+01 2.207155916445979216e+01 2.251525099965201093e+01 3.101520499598246872e+01 3.859920662749949116e+01 4.734605029818553135e+01 5.114965178178650262e+01 4.225406016770018169e+01 3.447041750576968155e+01 2.557482589010317042e+01 3.101520499643626039e+01 3.968894625550791488e+01 4.734605029891637429e+01 5.613965893937488261e+01 6.176073285423748160e+01 5.315302197806644102e+01 4.571178857760530434e+01 4.482409838461379081e+01 5.172654850315746700e+01 5.988028596291140815e+01 5.315302197661353034e+01 6.176073285250993905e+01 5.599631863356742656e+01 6.373126488374519738e+01
4.571179286431956967e+01 3.943894069499457089e+01 3.736215039593686527e+01 3.067448236974020404e+01 3.489820231010227758e+01 2.593488878653392149e+01 1.697316759232079164e+01 2.207155916585610100e+01 2.937734820088463294e+01 2.251525099995294354e+01 1.449804174527379885e+01 8.964820964625742405e+00 0.000000000000000000e+00 8.895591615809200547e+00 1.671625817180779450e+01 1.393268133657170615e+01 8.018379493556420101e+00 8.018379492679898135e+00 1.697316759163151190e+01 1.445534046378857340e+01 1.641773312735553247e+01 2.159014915013165847e+01 2.267940378378846944e+01 2.498794990923414261e+01 2.893205665293242035e+01 2.987813670474349692e+01 2.937734820017224990e+01 2.292341747214648962e+01 2.215542647550900313e+01 1.491836150651855597e+01 8.895591614229026334e+00 1.779118322845805267e+01 8.964820963841754420e+00 1.544768964148287971e+01 1.445534046378857340e+01 1.792964192926060463e+01 2.267940378374849431e+01 2.267940378405838686e+01 3.131277493230358289e+01 3.002263019407940448e+01 3.075498879640413108e+01 3.101521266826155454e+01 3.434465285674258439e+01 4.386212595566448869e+01 3.736215039466710408e+01 3.067448236865185862e+01 2.538071227286536669e+01 2.281528798052003282e+01 2.994014410213417676e+01 3.681206234090082319e+01 4.503050199813699805e+01 4.734605029891637429e+01 3.859920662808353597e+01 3.101520499796586350e+01 2.251525099847019717e+01 2.557482589051340938e+01 3.447041750632261170e+01 4.225406016837796841e+01 5.114965178260698053e+01 5.599631863677491594e+01 4.717599891625670949e+01 3.948593230116165387e+01 3.737869113573468383e+01 4.465828555477320805e+01 5.315302197886941116e+01 5.172654850190134113e+01 5.988028596284076599e+01 5.315302197740310675e+01 6.068022793390839098e+01
3.943894069499457089e+01 3.434465285597518402e+01 3.067448236974020404e+01 2.538071227286536669e+01 3.131277493185467264e+01 2.267940378405838686e+01 1.445534046378857340e+01 1.641773312649644367e+01 2.207155916466198065e+01 1.449804174394066614e+01 8.468352946456775499e+00 8.964820965409728615e+00 8.895591615809200547e+00 0.000000000000000000e+00 7.862666485468180255e+00 7.459182019524580376e+00 8.018379494432943844e+00 1.491836150651855597e+01 2.292341747337288638e+01 1.697316759245967077e+01 1.449804464044449226e+01 2.159014915045719007e+01 2.593488878603555747e+01 3.067448192585501232e+01 3.059376308861507709e+01 3.671116269633670015e+01 3.737869113573468383e+01 3.035030180302142000e+01 3.075498879640413108e+01 2.321817630182083292e+01 1.779118323003822866e+01 2.668677484426725499e+01 1.544768964148287971e+01 2.356177658822502607e+01 1.697316759232079164e+01 2.364036188939948957e+01 2.593488878572093270e+01 2.267940378436828652e+01 3.002263019407940448e+01 3.131277493230358289e+01 3.948593230271910670e+01 3.434465285674258439e+01 3.943894069601925878e+01 5.172654850332802567e+01 4.482409838497914478e+01 3.736215039466710408e+01 3.067448236974020404e+01 2.994014410483374533e+01 3.782261482988811707e+01 4.503050199961974442e+01 5.346613308543162901e+01 5.613965894093979614e+01 4.734605030047504926e+01 3.968894625705740253e+01 3.101520499796586350e+01 3.447041750632261170e+01 4.336600912213181402e+01 5.114965178418716363e+01 6.004524339841619707e+01 6.483720867209285643e+01 5.599631863677491594e+01 4.827702832615628381e+01 4.571178857977992038e+01 5.315302198039002946e+01 6.176073285518543798e+01 5.988028596284076599e+01 6.821967879173280380e+01 6.176073285344639174e+01 6.935210632857322821e+01
3.394633518366515545e+01 3.024828956913942335e+01 2.498794990975139285e+01 2.159014915008966184e+01 2.893205665292977713e+01 2.138877104981376576e+01 1.544769179303130890e+01 1.334339119728632106e+01 1.603675898704220515e+01 8.018379493516846424e+00 8.018379493516846424e+00 1.393268133639946349e+01 1.671625817180779450e+01 7.862666485468180255e+00 0.000000000000000000e+00 8.964820964656082580e+00 1.449804174541567825e+01 2.251525099874276492e+01 2.994014410413474891e+01 2.281528798088327292e+01 1.792964192939208345e+01 2.538071227388352824e+01 3.148995945765033966e+01 3.736215039571747809e+01 3.489820231064267375e+01 4.386212595708327200e+01 4.503050199931812614e+01 3.782261483082398001e+01 3.859920662859265406e+01 3.101520499836543721e+01 2.559898729599824918e+01 3.448834751374369034e+01 2.215542647518584118e+01 3.075498879593401469e+01 2.135984421129958477e+01 2.937734820083361598e+01 2.987813670405883215e+01 2.441228665731799907e+01 2.994014971210166109e+01 3.337700297772658331e+01 4.734605030110842705e+01 3.787162288359839835e+01 4.414311833131136353e+01 5.843818284819648312e+01 5.125831644118367336e+01 4.330895147275933255e+01 3.580752227437240265e+01 3.635580135645913202e+01 4.465828555349062867e+01 5.208386096042629987e+01 6.068022793377722479e+01 6.373126488460671624e+01 5.489245015538262606e+01 4.717599891707939719e+01 3.839043041030436854e+01 4.226868855169389860e+01 5.116173676497793110e+01 5.894378360311502973e+01 6.783799978894711558e+01 7.269459312400157103e+01 6.385724492285535803e+01 5.613965894169682969e+01 5.346613308688935007e+01 6.095468566019594192e+01 6.959237238291520100e+01 6.680953715077271227e+01 7.530119782949731189e+01 6.912889318298111618e+01 7.678086082168194082e+01
4.290740884712690217e+01 3.904509614854516997e+01 3.394633518377267478e+01 3.024828956913419375e+01 3.711312850148539866e+01 2.893205665288111561e+01 2.138877104982211108e+01 2.159014915010436297e+01 2.498794990902189284e+01 1.697316759151467025e+01 1.445534046373919601e+01 1.641773312725286260e+01 1.393268133657170615e+01 7.459182019524580376e+00 8.964820964656082580e+00 0.000000000000000000e+00 7.783642663742546652e+00 1.667923427651370716e+01 2.251525100056057127e+01 1.449804174560771308e+01 8.964820964734352415e+00 1.641773312740626523e+01 2.281528797992366364e+01 2.937734820185399798e+01 2.593488878698528310e+01 3.635580135641200883e+01 3.859920662919657985e+01 3.101520499884398774e+01 3.335846855460758320e+01 2.557482589244520810e+01 2.215542647701583689e+01 3.075498879640413108e+01 2.207155916480293811e+01 2.937734820116645551e+01 2.441228665741630621e+01 3.067448236994027866e+01 3.337700297702786401e+01 2.994014971249724866e+01 3.684564315654967714e+01 3.867921447545210611e+01 4.225406017053909125e+01 4.179805041047213621e+01 4.671509974432823498e+01 5.778926523435362839e+01 5.119797918364167799e+01 4.414311833048928690e+01 3.787162288381416886e+01 3.647464142693254985e+01 4.386212595611252851e+01 5.072486659385604924e+01 5.884931631179301093e+01 6.068022793468359311e+01 5.208386096118371711e+01 4.465828555561105162e+01 3.635580135548058678e+01 3.839043041090157971e+01 4.717599891782099775e+01 5.489245015625012769e+01 6.373126488561779723e+01 6.782888606298431000e+01 5.893329444705280196e+01 5.114965178489041620e+01 4.734605030185545615e+01 5.503866540416381525e+01 6.385724492387044648e+01 6.564267412195611939e+01 7.373320321253034137e+01 6.680953715173723140e+01 7.423456650279014468e+01
4.741129990973565356e+01 4.234176360962364782e+01 3.859921231277010634e+01 3.337700297781751857e+01 3.904509614908518245e+01 3.024828956959889936e+01 2.159014915042989813e+01 2.441228665741630621e+01 2.987813670541583022e+01 2.207155916599706202e+01 1.641773312725286260e+01 1.445534046373919601e+01 8.018379493556420101e+00 8.018379494432943844e+00 1.449804174541567825e+01 7.783642663742546652e+00 0.000000000000000000e+00 8.895591612771157841e+00 1.544768964185110605e+01 8.964820964734352415e+00 8.468352947163769073e+00 1.445534046378857340e+01 1.792964192867889039e+01 2.292341747233633598e+01 2.292342099801862076e+01 2.937734820047835527e+01 3.101520499731438818e+01 2.356177658737517078e+01 2.557482589086504277e+01 1.779118322870266766e+01 1.491836150651855597e+01 2.321817630030729873e+01 1.697316759068650782e+01 2.292341747189387036e+01 2.159014915010436297e+01 2.593488878581532475e+01 3.024828956866948815e+01 2.891068092752776764e+01 3.696290617545718504e+01 3.696290617526704381e+01 3.447041750679653660e+01 3.867921447495240983e+01 4.234176360962364782e+01 5.119797918233754785e+01 4.498930044710038345e+01 3.859921231067614400e+01 3.337700297702786401e+01 3.067448236994027866e+01 3.736215039372904556e+01 4.386212595611252851e+01 5.172654850248109426e+01 5.315302197806644102e+01 4.465828555411594891e+01 3.737869113520569186e+01 2.937734819979081990e+01 3.075498879486158188e+01 3.948593230116165387e+01 4.717599891625670949e+01 5.599631863520600206e+01 6.004524339924175536e+01 5.114965178331024021e+01 4.336600912114788287e+01 3.968894625665443954e+01 4.734605030029678119e+01 5.613965894102195620e+01 5.875469640037558605e+01 6.664276949801126193e+01 5.947627956782567793e+01 6.680953715173723140e+01
5.348925941557172337e+01 4.741129990773439573e+01 4.498930044710038345e+01 3.859921231067614400e+01 4.290740884630789509e+01 3.394633518294450880e+01 2.498794990902189284e+01 2.987813670429847335e+01 3.671116269431301760e+01 2.937734819979081990e+01 2.207155916480293811e+01 1.697316759068650782e+01 8.018379492679898135e+00 1.491836150651855597e+01 2.251525099874276492e+01 1.667923427651370716e+01 8.895591612771157841e+00 0.000000000000000000e+00 8.964820965518338625e+00 8.964820963950367982e+00 1.449804174427457859e+01 1.697316759086744398e+01 1.556728973029082574e+01 1.697316759252377238e+01 2.248778207586408584e+01 2.207155916640487092e+01 2.251525100056057127e+01 1.544768964321602844e+01 1.667923427809388315e+01 8.895591615931506269e+00 8.018379494432943844e+00 1.491836150793190541e+01 1.445534046373919601e+01 1.697316759234283978e+01 2.159014914977883137e+01 2.267940378438028048e+01 2.891068092752776764e+01 3.024828956866948815e+01 3.904509614854516997e+01 3.696290617507690257e+01 2.557482589402538409e+01 3.684564315669274492e+01 3.867921447595180240e+01 4.414311833168340371e+01 3.859921231277010634e+01 3.337700297781751857e+01 2.994014971249724866e+01 2.538071227446944178e+01 3.067448236994027866e+01 3.647464142693254985e+01 4.386212595747453946e+01 4.465828555561105162e+01 3.635580135693048476e+01 2.937734820254210177e+01 2.207155916599706202e+01 2.215542647701583689e+01 3.075498879794666962e+01 3.839043041245771093e+01 4.717599891782099775e+01 5.114965178647059929e+01 4.225406017053909125e+01 3.447041750837671970e+01 3.101520500037359085e+01 3.859920663074428404e+01 4.734605030185545615e+01 5.119797918364167799e+01 5.875469640312687858e+01 5.125831644186623492e+01 5.843818285048466521e+01
6.212005007224254882e+01 5.627165855805109373e+01 5.348925941717568122e+01 4.741129990903998959e+01 5.186977757243339937e+01 4.290740884731180671e+01 3.394633518396429395e+01 3.859921231203193059e+01 4.498930044755576318e+01 3.736215039538578964e+01 3.067448237017368839e+01 2.593488878592544467e+01 1.697316759163151190e+01 2.292341747337288638e+01 2.994014410413474891e+01 2.251525100056057127e+01 1.544768964185110605e+01 8.964820965518338625e+00 0.000000000000000000e+00 8.895591614494016142e+00 1.667923427836141315e+01 1.491836150687407425e+01 8.964820965510861939e+00 8.018379493629915089e+00 1.641773312671629625e+01 1.393268133550434484e+01 1.667923427678123716e+01 8.895591614494016142e+00 1.449804174427457859e+01 8.964820964734352415e+00 1.445534046378857340e+01 1.697316759163151190e+01 2.267940378439427107e+01 2.267940378408437496e+01 3.024828956922335621e+01 3.002263019407940448e+01 3.696290617546576840e+01 3.904509614861832034e+01 4.790423858657367617e+01 4.535880756818249893e+01 2.251525100056057127e+01 4.449186784474636625e+01 4.515390311983982485e+01 4.671509974363731743e+01 4.234176360979274989e+01 3.867921447501445442e+01 3.684564315655453015e+01 3.101521266871630900e+01 3.434465285621649144e+01 3.872713095426713892e+01 4.487923515446936307e+01 4.386212595663524638e+01 3.647464142604764703e+01 3.067448237017368839e+01 2.538071227304096666e+01 2.207155916503745630e+01 2.937734820154788551e+01 3.635580135599118279e+01 4.465828555477320805e+01 4.734605030185545615e+01 3.859920662919657985e+01 3.101520499884398774e+01 2.557482589285542929e+01 3.335846855514265741e+01 4.225406016963666644e+01 5.268573972451523701e+01 5.939307111996277655e+01 5.119797918292481853e+01 5.778926523507332291e+01
5.627165855901905900e+01 5.130654532549810654e+01 4.741129991004061850e+01 4.234176360979274989e+01 4.790423858657367617e+01 3.904509614915833282e+01 3.024828956968806182e+01 3.337700297799398896e+01 3.859921231203193059e+01 3.067448237017368839e+01 2.538071227380247663e+01 2.267940378408437496e+01 1.445534046378857340e+01 1.697316759245967077e+01 2.281528798088327292e+01 1.449804174560771308e+01 8.964820964734352415e+00 8.964820963950367982e+00 8.895591614494016142e+00 0.000000000000000000e+00 7.783642663867396116e+00 8.018379493629915089e+00 8.964820963942889520e+00 1.491836150687407425e+01 1.449804464044703423e+01 2.215542647610913818e+01 2.557482589127525685e+01 1.779118322898803584e+01 2.251525099907782490e+01 1.544768964185110605e+01 1.697316759163151190e+01 2.292341747214648962e+01 2.267940378377447530e+01 2.593488878592544467e+01 2.891068092757714680e+01 3.131277493192995820e+01 3.696290617508548593e+01 3.696290617527563427e+01 4.535880756849240214e+01 4.447797065786797788e+01 3.101520499884398774e+01 4.515390311956742408e+01 4.750249182865453434e+01 5.268573972451523701e+01 4.741129990903998959e+01 4.234176360900429614e+01 3.867921447501445442e+01 3.434465285698389181e+01 3.943894069446394468e+01 4.487923515446936307e+01 5.183400355448020491e+01 5.172654850315746700e+01 4.386212595663524638e+01 3.736215039538578964e+01 3.067448236908534653e+01 2.937734820017224990e+01 3.737869113573468383e+01 4.465828555477320805e+01 5.315302197886941116e+01 5.613965894258686262e+01 4.734605030029678119e+01 3.968894625665443954e+01 3.447041750734945253e+01 4.225406016963666644e+01 5.114965178413068259e+01 5.939307111872025047e+01 6.661493619313679915e+01 5.875469640111416680e+01 6.564267412282657688e+01
5.186977757243339937e+01 4.790423858598681051e+01 4.290740884731180671e+01 3.904509614861832034e+01 4.558991930271384518e+01 3.711312850149875686e+01 2.893205665293114848e+01 3.024828956922335621e+01 3.394633518313613507e+01 2.593488878592544467e+01 2.267940378408437496e+01 2.248778207626932257e+01 1.641773312735553247e+01 1.449804464044449226e+01 1.792964192939208345e+01 8.964820964734352415e+00 8.468352947163769073e+00 1.449804174427457859e+01 1.667923427836141315e+01 7.783642663867396116e+00 0.000000000000000000e+00 7.459182020275695990e+00 1.449804174441358562e+01 2.215542647761596129e+01 1.697316759259854990e+01 2.967049916850380242e+01 3.335846855514265741e+01 2.557482589285542929e+01 2.994014238626473556e+01 2.251525100056057127e+01 2.207155916623158021e+01 2.937734820154788551e+01 2.538071227304096666e+01 3.067448237017368839e+01 2.994014971257739077e+01 3.434465285698389181e+01 3.867921447501445442e+01 3.684564315669759083e+01 4.449186784474636625e+01 4.515390311983982485e+01 3.859920663074428404e+01 4.712356359877539091e+01 5.076142454741395937e+01 5.852275769218101686e+01 5.268573972564914243e+01 4.671509974363731743e+01 4.179805041062588344e+01 3.872713095526529514e+01 4.487923515446936307e+01 5.093163691880889843e+01 5.835349199901292394e+01 5.884931631260218410e+01 5.072486659451331548e+01 4.386212595799725023e+01 3.647464142604764703e+01 3.635580135599118279e+01 4.465828555626831786e+01 5.208386096196851156e+01 6.068022793561346617e+01 6.385724492543884168e+01 5.503866540416381525e+01 4.734605030185545615e+01 4.225406017121684243e+01 5.003770283350406345e+01 5.893329444799808670e+01 6.568974887532955620e+01 7.323684965400212832e+01 6.564267412282657688e+01 7.271160271259921615e+01
5.930974769742108776e+01 5.534112176635174052e+01 5.034564063359788122e+01 4.646298168875419776e+01 5.286146371475949479e+01 4.426898871114847367e+01 3.585928620048332505e+01 3.762596983890961155e+01 4.138184287186862065e+01 3.337700297806581062e+01 2.994014971255753110e+01 2.891068092752776764e+01 2.159014915013165847e+01 2.159014915045719007e+01 2.538071227388352824e+01 1.641773312740626523e+01 1.445534046378857340e+01 1.697316759086744398e+01 1.491836150687407425e+01 8.018379493629915089e+00 7.459182020275695990e+00 0.000000000000000000e+00 8.964819090052825956e+00 1.779118322923263307e+01 9.565348356370318328e+00 2.557482589162686892e+01 3.075498879573462219e+01 2.321817630094182761e+01 2.937734820047835527e+01 2.292341747233633598e+01 2.498794990923414261e+01 3.067448192470938295e+01 3.024828956874741692e+01 3.394633518322227417e+01 3.585928620028732894e+01 3.904509614868101153e+01 4.426898871051341899e+01 4.336602139131634459e+01 5.134268444194985648e+01 5.134268444181297752e+01 3.737869113617172445e+01 5.259179066331455488e+01 5.534112176635174052e+01 6.054764580092855653e+01 5.539694481087153832e+01 5.034564063199246675e+01 4.646298168818695018e+01 4.234176360993768640e+01 4.741129990830075513e+01 5.268573972488824353e+01 5.939307111922515503e+01 5.875469640170209829e+01 5.119797918337639686e+01 4.498930044788716032e+01 3.859921231118094198e+01 3.671116269504442187e+01 4.428294231824666127e+01 5.125831644169407042e+01 5.947627956937386529e+01 6.176073285598805285e+01 5.315302197954613916e+01 4.571178857884645907e+01 3.948593230230429896e+01 4.717599891763390474e+01 5.599631863685037558e+01 6.705891953206713652e+01 7.406782746987194344e+01 6.600895164901764645e+01 7.268609303733592242e+01
6.516059994026737456e+01 6.027133871640166518e+01 5.627165855835076513e+01 5.130654532487213260e+01 5.679655487452509988e+01 4.790423858604695084e+01 3.904509614869146361e+01 4.234176360917339110e+01 4.741129990834431851e+01 3.943894069469236996e+01 3.434465285630325582e+01 3.131277493147423385e+01 2.267940378378846944e+01 2.593488878603555747e+01 3.148995945765033966e+01 2.281528797992366364e+01 1.792964192867889039e+01 1.556728973029082574e+01 8.964820965510861939e+00 8.964820963942889520e+00 1.449804174441358562e+01 8.964819090052825956e+00 0.000000000000000000e+00 8.964819093188767241e+00 7.459182018930441416e+00 1.671625817257048752e+01 2.251525100086148257e+01 1.544768964337601602e+01 2.281528798107885692e+01 1.792964193024686281e+01 2.267940378440826521e+01 2.593488878684855692e+01 3.002263019403001820e+01 3.131277493237205789e+01 3.696290617509406928e+01 3.806701093345952813e+01 4.447797065781859516e+01 4.535880756785216050e+01 5.393813534919336661e+01 5.245054189043548831e+01 2.994014410583494268e+01 5.236797047168050767e+01 5.367387208106352858e+01 5.559745765977412191e+01 5.130654532644746979e+01 4.750249182870224018e+01 4.515390311981270344e+01 3.973565805365795001e+01 4.330895789640133842e+01 4.759350200022876010e+01 5.346613936832501679e+01 5.183400355629224521e+01 4.487923515600858337e+01 3.943894069674175284e+01 3.434465285707065618e+01 3.067448237040709813e+01 3.736215039704251240e+01 4.386212595851994678e+01 5.172654850526047454e+01 5.346613308918596630e+01 4.503050200143684378e+01 3.782261483276800362e+01 3.101520500082734699e+01 3.859920663132828622e+01 4.734605030258623515e+01 6.134896474023592106e+01 6.778330732314753959e+01 5.939307112055182358e+01 6.568974887736511903e+01
