0.000000000000000000e+00 3.210562939259903505e+06 9.261286409521611407e+06 5.119402390795102343e+06 7.699000924165735953e+06 5.884640550915604457e+06 8.014800688780392520e+06 4.715806475472016260e+06 5.681220687752479687e+06 6.183872061266641133e+06 3.194588492691133171e+06 8.531190253647813573e+06 2.528385960444625933e+06 8.300840002632156014e+06 5.081477674881977960e+06
3.210562939259903505e+06 0.000000000000000000e+00 6.157167574897915125e+06 5.102257019898121245e+06 4.717332913715527393e+06 4.805333210971620865e+06 4.804250851797005162e+06 2.534786377311115619e+06 2.541901872191346716e+06 3.425368923434238415e+06 4.568426088588790037e+06 5.785509594060888514e+06 1.156155348620146280e+06 5.863074981528698467e+06 2.266751542416782584e+06
9.261286409521611407e+06 6.157167574897915125e+06 0.000000000000000000e+00 7.690664619820018299e+06 5.104485813172126189e+06 6.158306139768214896e+06 2.533045054007764440e+06 4.809791345860558562e+06 4.577889980082801543e+06 3.191994605660608504e+06 8.854615446247790009e+06 2.275562290126556065e+06 7.316298903465054929e+06 3.446682585804452188e+06 5.777328417237723246e+06
5.119402390795102343e+06 5.102257019898121245e+06 7.690664619820018299e+06 0.000000000000000000e+00 9.626517417221546173e+06 1.601404765153643908e+06 8.311674487382309511e+06 3.413882797258262057e+06 7.080845160108545795e+06 4.716703251026631333e+06 2.300804615725219250e+06 5.674614453132084571e+06 5.696867363421835005e+06 4.771511502780798823e+06 7.313757215341299772e+06
7.699000924165735953e+06 4.717332913715527393e+06 5.104485813172126189e+06 9.626517417221546173e+06 0.000000000000000000e+00 8.508458922034230083e+06 2.551337617813327350e+06 5.888976483691578731e+06 2.269613312694631517e+06 5.109860615095161833e+06 9.604717339475112036e+06 6.443681212585050613e+06 5.101358713315961882e+06 7.297721770721468143e+06 2.548092750826792326e+06
5.884640550915604457e+06 4.805333210971620865e+06 6.158306139768214896e+06 1.601404765153643908e+06 8.508458922034230083e+06 0.000000000000000000e+00 6.978109033472434618e+06 2.527137110837955028e+06 6.175849733184235170e+06 3.413760659078031313e+06 3.612818504166039638e+06 4.089701123591354582e+06 5.690589203612099402e+06 3.170198056563771330e+06 6.645169063675676472e+06
8.014800688780392520e+06 4.804250851797005162e+06 2.533045054007764440e+06 8.311674487382309511e+06 2.551337617813327350e+06 6.978109033472434618e+06 0.000000000000000000e+00 4.727211143423597328e+06 2.534237511459409725e+06 3.422164589531464037e+06 8.819676842682179064e+06 4.108721721722964663e+06 5.687899440604001284e+06 5.117236883576657623e+06 3.615427845056413673e+06
4.715806475472016260e+06 2.534786377311115619e+06 4.809791345860558562e+06 3.413882797258262057e+06 5.888976483691578731e+06 2.527137110837955028e+06 4.727211143423597328e+06 0.000000000000000000e+00 3.616880898680117913e+06 1.617805681019002106e+06 4.074923676629479975e+06 3.623497349778395146e+06 3.616383214871648233e+06 3.414762643390263431e+06 4.101983041069227736e+06
5.681220687752479687e+06 2.541901872191346716e+06 4.577889980082801543e+06 7.080845160108545795e+06 2.269613312694631517e+06 6.175849733184235170e+06 2.534237511459409725e+06 3.616880898680117913e+06 0.000000000000000000e+00 3.220134075032913592e+06 7.061310777600224130e+06 5.121664906125738285e+06 3.222714389296906535e+06 5.691164297885077074e+06 1.148119495528991334e+06
6.183872061266641133e+06 3.425368923434238415e+06 3.191994605660608504e+06 4.716703251026631333e+06 5.109860615095161833e+06 3.413760659078031313e+06 3.422164589531464037e+06 1.617805681019002106e+06 3.220134075032913592e+06 0.000000000000000000e+00 5.673614939527007751e+06 2.284175180177248549e+06 4.611322284565480426e+06 2.533369241630276665e+06 4.110403413344217464e+06
3.194588492691133171e+06 4.568426088588790037e+06 8.854615446247790009e+06 2.300804615725219250e+06 9.604717339475112036e+06 3.612818504166039638e+06 8.819676842682179064e+06 4.074923676629479975e+06 7.061310777600224130e+06 5.673614939527007751e+06 0.000000000000000000e+00 7.279582325662622228e+06 4.701799113497761078e+06 6.624907784388040192e+06 6.961357065347898751e+06
8.531190253647813573e+06 5.785509594060888514e+06 2.275562290126556065e+06 5.674614453132084571e+06 6.443681212585050613e+06 4.089701123591354582e+06 4.108721721722964663e+06 3.623497349778395146e+06 5.121664906125738285e+06 2.284175180177248549e+06 7.279582325662622228e+06 0.000000000000000000e+00 7.025468567630817182e+06 1.157267087832828751e+06 6.207814282883320004e+06
2.528385960444625933e+06 1.156155348620146280e+06 7.316298903465054929e+06 5.696867363421835005e+06 5.101358713315961882e+06 5.690589203612099402e+06 5.687899440604001284e+06 3.616383214871648233e+06 3.222714389296906535e+06 4.611322284565480426e+06 4.701799113497761078e+06 7.025468567630817182e+06 0.000000000000000000e+00 7.080115217550900765e+06 2.533058006162508857e+06
8.300840002632156014e+06 5.863074981528698467e+06 3.446682585804452188e+06 4.771511502780798823e+06 7.297721770721468143e+06 3.170198056563771330e+06 5.117236883576657623e+06 3.414762643390263431e+06 5.691164297885077074e+06 2.533369241630276665e+06 6.624907784388040192e+06 1.157267087832828751e+06 7.080115217550900765e+06 0.000000000000000000e+00 6.663880495951777324e+06
5.081477674881977960e+06 2.266751542416782584e+06 5.777328417237723246e+06 7.313757215341299772e+06 2.548092750826792326e+06 6.645169063675676472e+06 3.615427845056413673e+06 4.101983041069227736e+06 1.148119495528991334e+06 4.110403413344217464e+06 6.961357065347898751e+06 6.207814282883320004e+06 2.533058006162508857e+06 6.663880495951777324e+06 0.000000000000000000e+00
