0.000000000000000000e+00 5.559745765198169209e+00 1.197605718967333743e+01 1.449804348105536178e+01 1.979769037120708930e+01 2.289643523625110788e+01 2.830560319207625142e+01 3.089538358582685618e+01 3.620244055982668385e+01 3.985992759783914607e+01 4.498930266078576778e+01 4.786550554653590694e+01 5.296660926708824491e+01 6.115720342228637207e+01 5.682919800422494916e+01 6.483722196285171435e+01 6.916466758944929438e+01 7.380026083743005927e+01 7.807435236336836226e+01 8.699536643516762524e+01 8.220155346456162704e+01 9.020505728951160052e+01 8.358130434676874643e+01 7.562889117412568396e+01 6.687428780309525678e+01 5.818373989467080776e+01 5.034563673763152281e+01 4.185716641966605067e+01 3.454208457605295735e+01 8.904623945871215085e+01 9.188899737087298547e+01 9.499196665386602945e+01 5.560858169689903718e+01 5.613967421479862452e+01 5.880729417777064327e+01 6.176074662849339347e+01 6.966341847444958546e+01 6.646629482464393845e+01 6.455054579202645471e+01 6.346883289691074026e+01 7.158915539455890098e+01 7.859522568874626813e+01 7.562072332566991406e+01 7.309322084168661604e+01 7.989028489598003091e+01 8.172637844594000001e+01 8.407542168961684581e+01 8.605222554828630166e+01 1.919522030863129558e+01 1.970379075809748315e+01 1.228188105224776550e+01 1.580376663626789657e+01 2.223898129989303030e+01 2.405513847947479178e+01 2.918733966817794823e+01 3.207351797362484547e+01 2.850149509710399087e+01 2.670993794554781786e+01 2.779873104395108641e+01 3.621951687359170080e+01 3.463146300276966372e+01 3.491591495657679189e+01 3.592817893871981738e+01 4.209282389520407008e+01 4.115714644836899794e+01 4.167956058124936902e+01 4.398880136626834769e+01 5.286146252223330322e+01 5.017343713989773590e+01
5.559745765198169209e+00 0.000000000000000000e+00 7.783642660628212973e+00 8.964820964299413220e+00 1.449804174357382358e+01 1.740475804530579396e+01 2.281528797864190139e+01 2.538071227285956510e+01 3.067448236668667505e+01 3.434465285575865323e+01 3.943894069298005434e+01 4.234176360755471080e+01 4.741129990642573233e+01 5.559745765706139053e+01 5.130654532394961365e+01 5.930974769477523267e+01 6.360504683392353797e+01 6.827404223086475099e+01 7.251579662429895734e+01 8.143841579613894055e+01 7.668419550855224998e+01 8.468352721687001861e+01 7.803474890582707246e+01 7.008808606486232406e+01 6.134896473518156768e+01 5.268573972078472423e+01 4.487923515189335433e+01 3.647464142224393413e+01 2.937734819746577131e+01 8.387665414837709932e+01 8.654651653646706677e+01 8.954471137798122982e+01 5.134268444176616697e+01 5.134268444176616697e+01 5.367387208036486612e+01 5.637045198600900875e+01 6.424334112587841616e+01 6.124811846732750809e+01 5.960089521060075413e+01 5.893331112160716145e+01 6.686505143704886223e+01 7.316085038902456006e+01 7.032584450009959198e+01 6.803821135200495007e+01 7.502980126220450074e+01 7.659546806409871067e+01 7.876808520321044682e+01 8.061440073393248440e+01 1.445534046378857340e+01 1.697316759077671833e+01 8.964820964299413220e+00 1.544768964094433095e+01 2.292341586696775835e+01 2.281528797748670101e+01 2.937734819746577131e+01 3.067448236777501691e+01 2.593488878563221789e+01 2.267940378398686008e+01 2.267940378398686008e+01 3.101521266802427235e+01 3.002263019407940448e+01 3.131277493154770042e+01 3.337700297592447640e+01 3.867921447498227394e+01 3.696290617520202915e+01 3.684564315651299893e+01 3.867921447498227394e+01 4.750249182794316738e+01 4.515390311940445400e+01
1.197605718967333743e+01 7.783642660628212973e+00 0.000000000000000000e+00 8.468352946282310612e+00 8.964820965083399429e+00 1.556728973024144480e+01 1.792964192933412448e+01 2.267940378429675619e+01 2.593488878481922910e+01 3.131277493199661421e+01 3.489820230900055265e+01 3.904509614799126638e+01 4.290740884572679192e+01 5.130654532473728580e+01 4.790423858577108263e+01 5.577508894337118051e+01 5.930974769477523267e+01 6.469404231596811883e+01 6.827404223086475099e+01 7.723845896608322903e+01 7.316085038902456006e+01 8.108084770371546313e+01 7.316929620067841711e+01 6.516059993838774744e+01 5.627165855548624762e+01 4.741129990642573233e+01 3.943894069400474933e+01 3.067448236777501691e+01 2.292341747084124393e+01 8.226170250428766906e+01 8.416361386958280377e+01 8.654651653646706677e+01 5.259179066296902505e+01 5.125832841974833087e+01 5.245054189065766792e+01 5.393813534879240734e+01 6.156022547398469413e+01 5.960089521083659747e+01 5.894380026964753938e+01 5.944510284987924109e+01 6.680030007701198258e+01 7.032584450009959198e+01 6.826499077722576203e+01 6.694821116298395225e+01 7.450889851397502639e+01 7.516974388339087909e+01 7.659546806409871067e+01 7.771721753181780912e+01 1.641773312592978229e+01 2.207155916272650131e+01 1.449804174224069442e+01 2.251525099665322927e+01 3.024828248593470903e+01 2.899608348460163398e+01 3.635580135037926652e+01 3.647464142224393413e+01 3.067448236777501691e+01 2.538071227209805159e+01 2.248778207600096479e+01 3.002263019407940448e+01 3.101521266802427235e+01 3.434465285499125287e+01 3.787162288065826488e+01 4.179805040930795457e+01 3.867921447448257766e+01 3.696290617520202915e+01 3.696290617539217749e+01 4.535880756828048987e+01 4.447797065786797788e+01
1.449804348105536178e+01 8.964820964299413220e+00 8.468352946282310612e+00 0.000000000000000000e+00 7.783642662333280171e+00 8.468352946212622356e+00 1.449804174368637710e+01 1.641773312673815610e+01 2.207155916292873954e+01 2.538071227291087339e+01 3.067448236797268990e+01 3.337700297601544008e+01 3.859921230966483563e+01 4.671509974244197139e+01 4.234176360851230925e+01 5.034564063121715805e+01 5.471196610729651155e+01 5.930974769497646548e+01 6.360504683424436934e+01 7.251579662561472617e+01 6.771944022075923897e+01 7.571875944212808918e+01 6.926291727448179358e+01 6.134896473670103489e+01 5.268573972122000271e+01 4.414311832742725983e+01 3.647464142383398666e+01 2.841459512151829969e+01 2.215542647364527085e+01 7.526015571018263017e+01 7.771721753143283706e+01 8.061440073350006230e+01 4.426898871061382579e+01 4.336602139131634459e+01 4.515390311964972625e+01 4.750249182743605303e+01 5.534112176545582429e+01 5.259179066333413743e+01 5.134268444172315782e+01 5.134268444172315782e+01 5.893331112160716145e+01 6.424334112604175573e+01 6.156022547406718104e+01 5.960089521062204909e+01 6.686505143700432541e+01 6.803821135230839445e+01 6.998216641592901510e+01 7.169270468734218582e+01 8.018379493143649839e+00 1.491836150452183496e+01 8.895591612740741283e+00 1.779118322706166211e+01 2.559898729177773902e+01 2.251525099545442998e+01 3.075498879150084619e+01 2.937734819782301088e+01 2.292341747106279826e+01 1.697316759085152427e+01 1.445534046378857340e+01 2.248778207596006595e+01 2.267940378395243428e+01 2.593488878488703264e+01 2.987813670224420193e+01 3.337700297680508754e+01 3.024828956881642483e+01 2.893205665287592510e+01 2.994014971225145061e+01 3.867921447504433274e+01 3.684564315651784483e+01
1.979769037120708930e+01 1.449804174357382358e+01 8.964820965083399429e+00 7.783642662333280171e+00 0.000000000000000000e+00 8.964820965033059252e+00 8.964820964249073043e+00 1.445534046378857340e+01 1.697316759002335829e+01 2.267940378395243428e+01 2.593488878488703264e+01 3.024828956835171923e+01 3.394633518181190368e+01 4.234176360851230925e+01 3.904509614806443096e+01 4.687363877389399391e+01 5.034564063041445792e+01 5.577508894283809582e+01 5.930974769417657910e+01 6.827404223114396586e+01 6.424334112541269803e+01 7.214828286380722489e+01 6.427219994153179528e+01 5.627165855578599007e+01 4.741129990573013231e+01 3.859921230861785801e+01 3.067448236797268990e+01 2.207155916292873954e+01 1.491836150452183496e+01 7.392581235028046649e+01 7.551437202374222579e+01 7.771721753091283347e+01 4.646298168802693596e+01 4.405901615348309974e+01 4.447797065781859516e+01 4.535880756764026245e+01 5.286146371395776811e+01 5.134268444172315782e+01 5.125832841980535903e+01 5.259179066333413743e+01 5.944510285010250783e+01 6.156022547361051522e+01 5.977696904263735433e+01 5.894380026961805896e+01 6.680030007704424122e+01 6.694821116294215813e+01 6.803821135199849834e+01 6.892291568768223442e+01 1.393268133477521253e+01 2.215542647364527085e+01 1.667923427507402678e+01 2.557482588939494050e+01 3.337699589814560142e+01 2.994014238118469962e+01 3.839043040622882330e+01 3.635580135232029164e+01 2.937734819919865004e+01 2.207155916412285990e+01 1.641773312673815610e+01 2.267940378426233394e+01 2.538071227291087339e+01 3.067448236797268990e+01 3.580752227153705292e+01 3.787162288291549572e+01 3.337700297680508754e+01 3.024828956928113044e+01 2.891068092752776764e+01 3.696290617521061961e+01 3.696290617540076084e+01
2.289643523625110788e+01 1.740475804530579396e+01 1.556728973024144480e+01 8.468352946212622356e+00 8.964820965033059252e+00 0.000000000000000000e+00 8.895591614463649321e+00 8.018379494141932184e+00 1.491836150475749534e+01 1.697316759179654611e+01 2.292341747131548146e+01 2.498794990819816420e+01 3.067448192345029767e+01 3.859921231105766992e+01 3.394633518287378848e+01 4.196043026185046898e+01 4.655602359252073086e+01 5.091950277407186576e+01 5.539694480864903881e+01 6.427219994294530636e+01 5.930974769530546098e+01 6.731656237244551733e+01 6.132880691902385450e+01 5.348925941422439223e+01 4.498930044437953057e+01 3.671116269265140630e+01 2.937734819958017596e+01 2.215542647399825782e+01 1.782589778382785184e+01 6.694821054085940659e+01 6.927184922690260294e+01 7.214828286475503205e+01 3.762596983795966565e+01 3.573840222355494944e+01 3.696290617545837165e+01 3.904509614818400820e+01 4.687363877464778739e+01 4.426898871100839727e+01 4.338027480074758557e+01 4.405901615327459808e+01 5.125832841980457033e+01 5.577508894370098602e+01 5.315303479419848998e+01 5.145093896069995054e+01 5.894380026969758291e+01 5.977696904297746983e+01 6.156022547419695456e+01 6.322484959385413106e+01 7.862666484295668390e+00 1.671625816771050310e+01 1.449804174235324616e+01 2.251525099693718346e+01 2.967049916302732626e+01 2.446287693463946766e+01 3.337699589702647529e+01 2.967049916342585547e+01 2.215542647399825782e+01 1.393268133360756522e+01 7.459182019387262663e+00 1.445534046383795435e+01 1.641773312609167945e+01 2.207155916316331457e+01 2.786536266732139566e+01 2.910249345733292969e+01 2.441228665592293368e+01 2.159014915004138757e+01 2.159014915036691917e+01 3.024828956941750135e+01 2.891068092762652952e+01
2.830560319207625142e+01 2.281528797864190139e+01 1.792964192933412448e+01 1.449804174368637710e+01 8.964820964249073043e+00 8.895591614463649321e+00 0.000000000000000000e+00 8.018379493265410218e+00 8.018379492388890029e+00 1.445534046383795435e+01 1.697316759096838368e+01 2.159014914971585242e+01 2.498794990819816420e+01 3.337700297702435392e+01 3.024828956895278864e+01 3.800199346207593010e+01 4.138184286979423376e+01 4.687363877404801826e+01 5.034564063066542872e+01 5.930974769530546098e+01 5.534112176507325387e+01 6.322484959257576520e+01 5.539694480864903881e+01 4.741129990707400310e+01 3.859921230896370048e+01 2.987813670251880893e+01 2.207155916435743492e+01 1.393268133360756522e+01 8.964819089874980662e+00 6.575560656171137452e+01 6.694821054085940659e+01 6.892291568739578622e+01 4.138184287060097688e+01 3.762596983847334542e+01 3.696290617526823752e+01 3.696290617507808918e+01 4.426898871069088415e+01 4.336602139136572021e+01 4.405901615355375611e+01 4.646298168816908714e+01 5.259179066347583387e+01 5.286146371410735867e+01 5.145093896069995054e+01 5.125832841990740718e+01 5.944510285016781381e+01 5.894380026969758291e+01 5.960089521069219387e+01 6.017895597992206547e+01 1.671625816928717967e+01 2.559898729213128021e+01 2.251525099693718346e+01 3.101520499508710671e+01 3.839043040632274995e+01 3.335846854910312231e+01 4.226868854688304111e+01 3.839043040684335750e+01 3.075498879353505188e+01 2.215542647399825782e+01 1.393268133499479511e+01 1.697316759179654611e+01 2.207155916435743492e+01 2.937734819820453325e+01 3.592817157354460278e+01 3.580752227321652015e+01 2.987813670363616581e+01 2.498794990904196922e+01 2.159014915004138757e+01 2.891068092762652952e+01 3.024828956941750135e+01
3.089538358582685618e+01 2.538071227285956510e+01 2.267940378429675619e+01 1.641773312673815610e+01 1.445534046378857340e+01 8.018379494141932184e+00 8.018379493265410218e+00 0.000000000000000000e+00 8.895591611425638590e+00 8.964820964357700817e+00 1.544768964008290091e+01 1.697316759012022302e+01 2.292341747021669818e+01 3.067448236840626663e+01 2.593488878509159079e+01 3.394633518208974010e+01 3.859921230912276258e+01 4.290740884539393818e+01 4.741129990625837820e+01 5.627165855641514014e+01 5.130654532370351006e+01 5.930974769462940088e+01 5.348925941339632573e+01 4.571179286112967333e+01 3.736215039118577153e+01 2.937734819708649425e+01 2.251525099754496750e+01 1.667923427399085412e+01 1.544768963992285826e+01 5.960089521042576877e+01 6.156022547376370824e+01 6.424334112571604294e+01 3.337700297705344354e+01 2.994014971231174727e+01 3.002263019403001820e+01 3.131277493116729005e+01 3.904509614815390250e+01 3.696290617517755095e+01 3.684564315662073142e+01 3.867921447511273669e+01 4.515390311968970138e+01 4.790423858544124869e+01 4.558991930249953128e+01 4.449186784465539546e+01 5.236797047161515195e+01 5.255651452342649321e+01 5.393813534889587658e+01 5.534112176569612274e+01 1.449804174388131983e+01 2.251525099724396384e+01 2.207155916412285990e+01 2.937734819919865004e+01 3.592817157460414279e+01 2.967049916342585547e+01 3.859920662454926088e+01 3.335846855114206733e+01 2.557482589015701535e+01 1.667923427557103366e+01 7.783642662565217307e+00 8.964820965141687026e+00 1.449804174402037482e+01 2.251525099754496750e+01 2.967049916379105667e+01 2.841459512348114202e+01 2.207155916446609112e+01 1.697316759177655499e+01 1.445534046373919601e+01 2.267940378397842593e+01 2.267940378428832204e+01
3.620244055982668385e+01 3.067448236668667505e+01 2.593488878481922910e+01 2.207155916292873954e+01 1.697316759002335829e+01 1.491836150475749534e+01 8.018379492388890029e+00 8.895591611425638590e+00 0.000000000000000000e+00 8.964820963573716384e+00 8.964820965141687026e+00 1.445534046373919601e+01 1.697316759177655499e+01 2.538071227384802597e+01 2.267940378428832204e+01 3.024828956935908053e+01 3.337700297705344354e+01 3.904509614869391498e+01 4.234176360878360867e+01 5.130654532527885436e+01 4.750249182816538251e+01 5.534112176569612274e+01 4.741129990825962892e+01 3.943894069472740682e+01 3.067448236840626663e+01 2.207155916446609112e+01 1.449804174535350398e+01 7.783642662565217307e+00 8.964820965149154830e+00 5.893331112160716145e+01 5.960089521089746256e+01 6.124811846753571842e+01 3.859921230912276258e+01 3.337700297626378898e+01 3.131277493116729005e+01 3.002263019403001820e+01 3.696290617536769929e+01 3.696290617498740261e+01 3.867921447461304041e+01 4.234176360799516203e+01 4.750249182761054811e+01 4.535880756831203797e+01 4.449186784473438649e+01 4.515390311941732193e+01 5.367387208008445043e+01 5.236797047141383388e+01 5.245054189062574324e+01 5.259179066378639789e+01 2.251525099576121747e+01 3.101520499245236095e+01 2.937734819644736817e+01 3.737869113041644198e+01 4.431085294620879722e+01 3.839043040373110216e+01 4.734605029258990783e+01 4.225406016256769703e+01 3.447041750158265216e+01 2.557482588699667048e+01 1.667923427399085412e+01 1.544768964008290091e+01 2.251525099606221758e+01 3.101520499290625565e+01 3.839043040422595254e+01 3.635580135176278560e+01 2.937734819708649425e+01 2.292341747021669818e+01 1.697316759012022302e+01 2.267940378366852627e+01 2.593488878509159079e+01
3.985992759783914607e+01 3.434465285575865323e+01 3.131277493199661421e+01 2.538071227291087339e+01 2.267940378395243428e+01 1.697316759179654611e+01 1.445534046383795435e+01 8.964820964357700817e+00 8.964820963573716384e+00 0.000000000000000000e+00 8.895591613148534194e+00 8.018379492380228513e+00 1.491836150506894043e+01 2.207155916470065193e+01 1.697316759106524131e+01 2.498794990836871577e+01 2.987813670292901591e+01 3.394633518223933066e+01 3.859921230939463044e+01 4.741129990760222768e+01 4.234176360820707430e+01 5.034564063100997089e+01 4.498930044510299098e+01 3.736215039284257244e+01 2.937734819746799531e+01 2.215542647306197921e+01 1.667923427583863472e+01 1.449804174268724211e+01 1.792964192872451790e+01 5.134268444165312673e+01 5.286146371415993883e+01 5.534112176526792126e+01 2.987813670404636568e+01 2.441228665685451915e+01 2.267940378399242007e+01 2.267940378368252397e+01 3.024828956893634668e+01 2.891068092752776764e+01 2.994014971234421196e+01 3.337700297718716058e+01 3.867921447522162737e+01 3.904509614827345843e+01 3.711312850143576014e+01 3.684564315667475398e+01 4.515390311971123083e+01 4.449186784469534217e+01 4.535880756803012304e+01 4.646298168830139730e+01 2.281528797903893135e+01 2.994014410083039124e+01 3.067448236797268990e+01 3.736215039300644492e+01 4.330895147025375280e+01 3.635580135138111757e+01 4.503050199480372129e+01 3.859920662513342648e+01 3.101520499596545832e+01 2.251525099754496750e+01 1.449804174402037482e+01 8.895591614728710184e+00 1.667923427583863472e+01 2.557482588898717069e+01 3.337699589802154776e+01 2.967049916578273283e+01 2.215542647456881298e+01 1.491836150648229165e+01 8.018379493256750479e+00 1.445534046378857340e+01 1.697316759189341084e+01
4.498930266078576778e+01 3.943894069298005434e+01 3.489820230900055265e+01 3.067448236797268990e+01 2.593488878488703264e+01 2.292341747131548146e+01 1.697316759096838368e+01 1.544768964008290091e+01 8.964820965141687026e+00 8.895591613148534194e+00 0.000000000000000000e+00 8.018379494133272445e+00 8.018379493256750479e+00 1.641773312690731501e+01 1.445534046378857340e+01 2.159014915002036616e+01 2.441228665606279691e+01 3.024828956893634668e+01 3.337700297639750602e+01 4.234176360899552805e+01 3.867921447472193819e+01 4.646298168773414972e+01 3.859921231044160095e+01 3.067448236863972255e+01 2.207155916350653158e+01 1.393268133388022889e+01 7.783642662690101410e+00 8.468352946297164507e+00 1.556728973029082574e+01 5.134268444192690595e+01 5.134268444179001989e+01 5.259179066314506912e+01 3.671116269335455229e+01 2.987813670404636568e+01 2.593488878520173202e+01 2.267940378430231974e+01 2.891068092752776764e+01 3.024828956893634668e+01 3.337700297718716058e+01 3.859921231044160095e+01 4.234176360899552805e+01 3.696290617523514754e+01 3.684564315653168620e+01 3.867921447522162737e+01 4.750249182825934469e+01 4.515390311943884427e+01 4.447797065781859516e+01 4.405901615354612488e+01 2.994014410083039124e+01 3.782261482607218994e+01 3.736215039173669084e+01 4.482409838087467335e+01 5.125831643615336475e+01 4.465828554874207157e+01 5.346613307948780403e+01 4.734605029487958205e+01 3.968894625242199226e+01 3.101520499443586232e+01 2.251525099754496750e+01 1.779118322787724793e+01 2.557482588898717069e+01 3.447041750213571021e+01 4.226868854656332530e+01 3.839043040793554695e+01 3.075498879284435461e+01 2.321817629923355852e+01 1.491836150506894043e+01 1.697316759106524131e+01 2.292341747169576394e+01
4.786550554653590694e+01 4.234176360755471080e+01 3.904509614799126638e+01 3.337700297601544008e+01 3.024828956835171923e+01 2.498794990819816420e+01 2.159014914971585242e+01 1.697316759012022302e+01 1.445534046373919601e+01 8.018379492380228513e+00 8.018379494133272445e+00 0.000000000000000000e+00 8.895591614851042550e+00 1.449804174568748572e+01 8.964820965250313023e+00 1.697316759195751956e+01 2.207155916487398528e+01 2.593488878610913062e+01 3.067448236883982204e+01 3.943894069525912016e+01 3.434465285637131871e+01 4.234176360914048587e+01 3.736215039444408603e+01 2.994014410318159136e+01 2.251525099815272313e+01 1.667923427606800857e+01 1.393268133665468156e+01 1.641773312680463448e+01 2.267940378427432790e+01 4.447797065786797788e+01 4.535880756841244477e+01 4.750249182838611262e+01 2.937734819777416817e+01 2.207155916367986137e+01 1.792964192814284630e+01 1.556728973029082574e+01 2.267940378431431370e+01 2.267940378369451793e+01 2.538071227250062734e+01 3.067448236775147663e+01 3.434465285560391834e+01 3.131277493218775376e+01 3.004321477881515179e+01 3.101521266817201550e+01 3.973565805240040305e+01 3.795315939522701854e+01 3.806701093342022801e+01 3.867921447577450778e+01 3.067448236708446174e+01 3.736215039079870337e+01 3.859921230861785801e+01 4.498930044389231853e+01 5.057840529513398309e+01 4.330895146792472161e+01 5.172654849735946669e+01 4.465828554925990801e+01 3.737869113134454579e+01 2.937734819708649425e+01 2.207155916327197076e+01 1.491836150506894043e+01 2.215542647306197921e+01 3.075498879130180541e+01 3.859920662254724277e+01 3.335846855055584115e+01 2.557482588775870269e+01 1.779118322654173667e+01 8.895591611690692346e+00 8.964820963682342381e+00 1.544768964045120363e+01
5.296660926708824491e+01 4.741129990642573233e+01 4.290740884572679192e+01 3.859921230966483563e+01 3.394633518181190368e+01 3.067448192345029767e+01 2.498794990819816420e+01 2.292341747021669818e+01 1.697316759177655499e+01 1.491836150506894043e+01 8.018379493256750479e+00 8.895591614851042550e+00 0.000000000000000000e+00 8.468352947004166964e+00 8.964820964466326814e+00 1.445534046378857340e+01 1.641773312620890124e+01 2.267940378400441404e+01 2.538071227250062734e+01 3.434465285637131871e+01 3.101521266817201550e+01 3.867921447477512231e+01 3.067448236883982204e+01 2.281528797959787624e+01 1.449804174302122206e+01 7.783642661216965131e+00 7.459182020050055151e+00 1.449804464038353480e+01 2.267940378396443180e+01 4.535880756841244477e+01 4.447797065786797788e+01 4.515390311950593372e+01 3.737869113231079155e+01 2.937734819914980022e+01 2.364036188719769527e+01 1.792964192971081516e+01 2.267940378400441404e+01 2.593488878529614183e+01 3.067448236883982204e+01 3.736215039317433195e+01 3.943894069423442517e+01 3.002263019407940448e+01 3.101521266817201550e+01 3.434465285637131871e+01 4.330895789562192988e+01 3.973565805240040305e+01 3.806701093323560769e+01 3.684564315667890355e+01 3.736215039206846455e+01 4.482409837996738844e+01 4.498930044389231853e+01 5.211946103293270482e+01 5.821560236659556864e+01 5.125831643527847348e+01 5.988028595728035697e+01 5.315302197360839642e+01 4.571178857410730245e+01 3.737869113134454579e+01 2.937734819846212986e+01 2.321817629923355852e+01 3.075498879284435461e+01 3.948593229650252567e+01 4.734605029395441278e+01 4.225406016540688370e+01 3.447041750260974169e+01 2.668677484139277922e+01 1.779118322654173667e+01 1.544768964045120363e+01 2.356177658631715488e+01
6.115720342228637207e+01 5.559745765706139053e+01 5.130654532473728580e+01 4.671509974244197139e+01 4.234176360851230925e+01 3.859921231105766992e+01 3.337700297702435392e+01 3.067448236840626663e+01 2.538071227384802597e+01 2.207155916470065193e+01 1.641773312690731501e+01 1.449804174568748572e+01 8.468352947004166964e+00 0.000000000000000000e+00 7.783642662922017230e+00 7.459182020094503152e+00 8.018379492453737711e+00 1.449804464026624728e+01 1.697316759033392941e+01 2.593488878540627596e+01 2.267940378370851207e+01 3.024828956854958406e+01 2.292341747084963544e+01 1.544768964061123384e+01 8.895591611833408408e+00 8.964820963682342381e+00 1.445534046378857340e+01 2.267940378428832204e+01 3.101521266847904101e+01 3.867921447583655947e+01 3.684564315668374945e+01 3.696290617506095799e+01 3.839043040904484627e+01 2.967049916662206144e+01 2.251525099845369837e+01 1.449804174582652649e+01 1.641773312697378628e+01 2.207155916504385473e+01 2.841459512444653868e+01 3.635580135461572837e+01 3.647464142556716382e+01 2.248778207623190184e+01 2.486394006581464566e+01 2.991949099201406526e+01 3.872713095430630403e+01 3.381861463972787618e+01 3.101521266855211323e+01 2.891068092752776764e+01 4.487923515263218377e+01 5.183400355158455852e+01 5.268573972235389391e+01 5.939307111674478534e+01 6.507514948610590011e+01 5.778926522983550740e+01 6.613993889780506663e+01 5.884931630793799684e+01 5.172654850088932932e+01 4.386212595403922165e+01 3.647464142451678271e+01 2.937734820021927717e+01 3.635580135372339328e+01 4.465828555141241196e+01 5.240336071011886077e+01 4.624959188637474483e+01 3.859920662624671195e+01 3.101520499684377086e+01 2.251525099815272313e+01 1.667923427633560252e+01 2.557482589132936113e+01
5.682919800422494916e+01 5.130654532394961365e+01 4.790423858577108263e+01 4.234176360851230925e+01 3.904509614806443096e+01 3.394633518287378848e+01 3.024828956895278864e+01 2.593488878509159079e+01 2.267940378428832204e+01 1.697316759106524131e+01 1.445534046378857340e+01 8.964820965250313023e+00 8.964820964466326814e+00 7.783642662922017230e+00 0.000000000000000000e+00 8.018379493330261454e+00 1.393268133420016497e+01 1.697316759116209539e+01 2.207155916384973438e+01 3.067448236907326731e+01 2.538071227259519347e+01 3.337700297664583360e+01 2.937734819948270015e+01 2.251525099845369837e+01 1.667923427475542297e+01 1.449804174302122206e+01 1.641773312690731501e+01 2.248778207597480971e+01 3.002263019407940448e+01 3.696290617544124046e+01 3.696290617525109212e+01 3.867921447483717401e+01 3.075498879371757965e+01 2.215542647516907238e+01 1.544768964061123384e+01 8.964820965242841666e+00 1.445534046373919601e+01 1.697316759116209539e+01 2.207155916504385473e+01 2.937734819948270015e+01 3.067448236907326731e+01 2.267940378401841173e+01 2.248778207599749734e+01 2.538071227335670699e+01 3.434465285645809018e+01 3.101521266815555222e+01 3.002263019403001820e+01 2.994014971240449796e+01 3.943894069347422260e+01 4.571179286074507075e+01 4.741129990673076122e+01 5.348925941373619253e+01 5.871259550057144594e+01 5.119797917871695603e+01 5.930973951032127189e+01 5.172654849946265898e+01 4.482409838188151241e+01 3.736215039245552560e+01 3.067448236840626663e+01 2.292341747169576394e+01 2.937734819884363802e+01 3.737869113187365144e+01 4.503050199450235880e+01 3.859920662624671195e+01 3.101520499531417130e+01 2.356177658631715488e+01 1.544768964045120363e+01 8.895591613413582621e+00 1.779118322840734479e+01
6.483722196285171435e+01 5.930974769477523267e+01 5.577508894337118051e+01 5.034564063121715805e+01 4.687363877389399391e+01 4.196043026185046898e+01 3.800199346207593010e+01 3.394633518208974010e+01 3.024828956935908053e+01 2.498794990836871577e+01 2.159014915002036616e+01 1.697316759195751956e+01 1.445534046378857340e+01 7.459182020094503152e+00 8.018379493330261454e+00 0.000000000000000000e+00 7.783642661448875621e+00 8.964820964489200961e+00 1.449804174330216355e+01 2.281528797996116609e+01 1.740475804571696017e+01 2.538071227267624863e+01 2.251525099872630520e+01 1.671625817054921370e+01 1.393268133420016497e+01 1.641773312620890124e+01 2.138877105002086765e+01 2.893205665287719697e+01 3.696290617521797373e+01 3.131277493226304642e+01 3.002263019407940448e+01 3.101521266823021961e+01 3.447041750363678148e+01 2.557482589010086826e+01 1.782589778359686505e+01 8.964819092116707466e+00 8.964820964489200961e+00 1.544768964076972040e+01 2.251525099872630520e+01 3.101520499616765392e+01 2.994014410248268021e+01 1.556728973029082574e+01 1.740475804571696017e+01 2.281528797996116609e+01 3.148995945763859794e+01 2.636046724715814804e+01 2.377076006397117780e+01 2.248778207623870529e+01 4.741129990699220542e+01 5.348925941297589048e+01 5.539694480826625522e+01 6.132880691849695864e+01 6.634525972640805946e+01 5.871259549979546222e+01 6.661493618813867101e+01 5.875469639766921404e+01 5.211946103400783414e+01 4.498930044467926592e+01 3.859921231016974730e+01 3.067448192389669970e+01 3.671116269335455229e+01 4.428294231409235238e+01 5.172654849861582704e+01 4.465828555196219440e+01 3.737869113231079155e+01 3.035030180049398396e+01 2.292341747065924906e+01 1.491836150542453687e+01 2.321817629986822595e+01
6.916466758944929438e+01 6.360504683392353797e+01 5.930974769477523267e+01 5.471196610729651155e+01 5.034564063041445792e+01 4.655602359252073086e+01 4.138184286979423376e+01 3.859921230912276258e+01 3.337700297705344354e+01 2.987813670292901591e+01 2.441228665606279691e+01 2.207155916487398528e+01 1.641773312620890124e+01 8.018379492453737711e+00 1.393268133420016497e+01 7.783642661448875621e+00 0.000000000000000000e+00 8.468352946375469870e+00 8.964820964489200961e+00 1.792964192984230820e+01 1.556728973029082574e+01 2.267940378403040214e+01 1.544768964213464102e+01 8.964819092116707466e+00 8.018379493330261454e+00 1.445534046378857340e+01 2.159014914969483456e+01 3.024828956889437848e+01 3.867921447459782058e+01 3.434465285661264744e+01 3.101521266823021961e+01 3.002263019407940448e+01 4.225406016508565443e+01 3.335846855154974833e+01 2.559898729248728699e+01 1.671625817054921370e+01 1.449804174330216355e+01 2.251525099724355528e+01 2.994014238369292613e+01 3.859920662579231987e+01 3.681206233951532170e+01 1.740475804571696017e+01 2.201546914965344470e+01 2.899608348813720227e+01 3.716306156759899437e+01 3.075499340150254568e+01 2.636046724715814804e+01 2.267940378372050603e+01 5.268573972159308738e+01 5.939307111476475143e+01 6.054764579734688112e+01 6.705891952853355065e+01 7.251579003642302723e+01 6.507514948406019073e+01 7.323684964672634123e+01 6.564267411710585520e+01 5.875469639766921404e+01 5.119797917914074503e+01 4.414311832817838877e+01 3.671116269335455229e+01 4.330895147026338066e+01 5.125831643652594494e+01 5.884931630570570604e+01 5.208386095679073691e+01 4.465828555046709170e+01 3.737869113231079155e+01 2.937734819777416817e+01 2.215542647366224216e+01 3.075498879371757965e+01
7.380026083743005927e+01 6.827404223086475099e+01 6.469404231596811883e+01 5.930974769497646548e+01 5.577508894283809582e+01 5.091950277407186576e+01 4.687363877404801826e+01 4.290740884539393818e+01 3.904509614869391498e+01 3.394633518223933066e+01 3.024828956893634668e+01 2.593488878610913062e+01 2.267940378400441404e+01 1.449804464026624728e+01 1.697316759116209539e+01 8.964820964489200961e+00 8.468352946375469870e+00 0.000000000000000000e+00 7.783642661573745514e+00 1.449804174482735064e+01 8.468352946441937590e+00 1.641773312637804594e+01 1.667923427683254189e+01 1.393268133575965706e+01 1.641773312622462910e+01 2.248778207598955703e+01 2.893205665281715255e+01 3.711312850137358765e+01 4.535880756797414648e+01 2.593488878646614282e+01 2.267940378409281976e+01 2.248778207606107316e+01 3.968894625314660374e+01 3.101520499616765392e+01 2.321817629869642019e+01 1.491836150702935271e+01 8.895591613678618614e+00 1.779118322735723723e+01 2.557482589051115340e+01 3.447041750418976847e+01 3.101520499664626840e+01 8.964820964567474348e+00 1.449804174349421793e+01 2.251525099906140781e+01 2.994014410283313765e+01 2.281528797900157812e+01 1.792964192912912225e+01 1.449804464031802276e+01 5.627165855607636757e+01 6.212005006832883680e+01 6.427219994153179528e+01 7.001748566934928419e+01 7.479872525366111802e+01 6.705891952798613431e+01 7.472430078538972964e+01 6.661493618885594969e+01 6.027133221313320632e+01 5.348925941339632573e+01 4.741129990725900711e+01 3.934477631342955561e+01 4.498930044510299098e+01 5.211946103327193924e+01 5.930973951024784441e+01 5.172654850071896959e+01 4.482409838151631476e+01 3.826138991127876920e+01 3.145067021418162412e+01 2.292341747084963544e+01 3.035030180084692120e+01
7.807435236336836226e+01 7.251579662429895734e+01 6.827404223086475099e+01 6.360504683424436934e+01 5.930974769417657910e+01 5.539694480864903881e+01 5.034564063066542872e+01 4.741129990625837820e+01 4.234176360878360867e+01 3.859921230939463044e+01 3.337700297639750602e+01 3.067448236883982204e+01 2.538071227250062734e+01 1.697316759033392941e+01 2.207155916384973438e+01 1.449804174330216355e+01 8.964820964489200961e+00 7.783642661573745514e+00 0.000000000000000000e+00 8.964820965351462334e+00 8.964820964567474348e+00 1.445534046378857340e+01 8.895591615258792828e+00 8.018379494246365979e+00 1.445534046373919601e+01 2.267940378400441404e+01 3.024828956847163397e+01 3.904509614815390250e+01 4.750249182751659305e+01 3.067448236954258789e+01 2.538071227281407261e+01 2.267940378409281976e+01 4.734605029606599658e+01 3.859920662579231987e+01 3.075498879264520724e+01 2.215542647549228050e+01 1.667923427525236235e+01 2.557482588893098452e+01 3.335846855208490069e+01 4.225406016576351931e+01 3.859920662639631672e+01 1.449804174349421793e+01 2.147530209411659996e+01 2.994014238415361007e+01 3.681206234000026711e+01 2.899608348713516293e+01 2.281528797900157812e+01 1.697316759051488333e+01 6.134896473601290978e+01 6.778330731660528841e+01 6.926291727341632054e+01 7.554710144100319269e+01 8.075231094159929057e+01 7.316929003826831490e+01 8.111132878389091161e+01 7.323684964758163574e+01 6.661493618885594969e+01 5.939307111532341565e+01 5.268573972199394007e+01 4.498930044510299098e+01 5.119797917970023349e+01 5.875469639700797586e+01 6.613993889653126246e+01 5.884931630797801461e+01 5.172654849929229215e+01 4.482409838151631476e+01 3.736215039190457077e+01 2.937734819810706455e+01 3.737869113280167710e+01
8.699536643516762524e+01 8.143841579613894055e+01 7.723845896608322903e+01 7.251579662561472617e+01 6.827404223114396586e+01 6.427219994294530636e+01 5.930974769530546098e+01 5.627165855641514014e+01 5.130654532527885436e+01 4.741129990760222768e+01 4.234176360899552805e+01 3.943894069525912016e+01 3.434465285637131871e+01 2.593488878540627596e+01 3.067448236907326731e+01 2.281528797996116609e+01 1.792964192984230820e+01 1.449804174482735064e+01 8.964820965351462334e+00 0.000000000000000000e+00 8.895591615401496455e+00 8.018379494319866296e+00 8.964820964567474348e+00 1.445534046378857340e+01 2.267940378432830428e+01 3.131277493218775376e+01 3.904509614827345843e+01 4.790423858602810725e+01 5.637045198683717473e+01 2.937734820190312490e+01 2.207155916565391252e+01 1.697316759224600347e+01 5.346613308318882929e+01 4.503050199780250296e+01 3.737869113333074012e+01 2.937734820123982260e+01 2.251525099906140781e+01 3.101520499664626840e+01 3.859920662794402091e+01 4.734605029837181434e+01 4.225406016802154596e+01 1.667923427710011097e+01 2.446287693879872194e+01 3.335846855420022194e+01 3.859920662852810125e+01 2.994014238458861499e+01 2.251525099936235819e+01 1.491836150597156951e+01 7.008808606578953970e+01 7.630434217761518312e+01 7.803474890636496752e+01 8.413421666601476545e+01 8.912949943931192820e+01 8.144600026465751341e+01 8.919190096699573189e+01 8.111132878612231423e+01 7.472430078743357740e+01 6.778330731841693080e+01 6.134896473756815993e+01 5.348925941503420489e+01 5.939307111718558474e+01 6.661493618962758489e+01 7.380025091351926392e+01 6.613993890021212962e+01 5.930973951234330599e+01 5.274437477750088732e+01 4.571179286193657987e+01 3.736215039356135037e+01 4.482409838343038899e+01
8.220155346456162704e+01 7.668419550855224998e+01 7.316085038902456006e+01 6.771944022075923897e+01 6.424334112541269803e+01 5.930974769530546098e+01 5.534112176507325387e+01 5.130654532370351006e+01 4.750249182816538251e+01 4.234176360820707430e+01 3.867921447472193819e+01 3.434465285637131871e+01 3.101521266817201550e+01 2.267940378370851207e+01 2.538071227259519347e+01 1.740475804571696017e+01 1.556728973029082574e+01 8.468352946441937590e+00 8.964820964567474348e+00 8.895591615401496455e+00 0.000000000000000000e+00 8.018379493443344330e+00 1.544768964234442343e+01 1.697316759210710657e+01 2.267940378401841173e+01 3.002263019407940448e+01 3.696290617504501341e+01 4.535880756800214186e+01 5.367387208008781840e+01 2.207155916565391252e+01 1.641773312643724481e+01 1.445534046378857340e+01 4.503050199631974948e+01 3.681206233951532170e+01 2.937734819848854073e+01 2.207155916527840134e+01 1.449804174349421793e+01 2.251525099757865434e+01 2.994014238415361007e+01 3.859920662639631672e+01 3.335846855262004595e+01 7.783642661698612741e+00 1.556728532339722548e+01 2.446287693879872194e+01 2.994014238458861499e+01 2.147530209439795357e+01 1.449804174363324805e+01 8.018379492566822364e+00 6.450263623881956221e+01 7.008808606473661484e+01 7.251579662469396226e+01 7.803474890636496752e+01 8.256175313299316088e+01 7.473257602534530974e+01 8.214888348614954339e+01 7.383375290147955639e+01 6.778330731841693080e+01 6.134896473647981452e+01 5.559745765699126707e+01 4.741129990760222768e+01 5.268573972246357329e+01 5.939307111594306576e+01 6.631729785770902197e+01 5.835349199576806001e+01 5.183400355187531972e+01 4.571179286193657987e+01 3.943894069320973728e+01 3.067448236798491834e+01 3.736215039356135037e+01
9.020505728951160052e+01 8.468352721687001861e+01 8.108084770371546313e+01 7.571875944212808918e+01 7.214828286380722489e+01 6.731656237244551733e+01 6.322484959257576520e+01 5.930974769462940088e+01 5.534112176569612274e+01 5.034564063100997089e+01 4.646298168773414972e+01 4.234176360914048587e+01 3.867921447477512231e+01 3.024828956854958406e+01 3.337700297664583360e+01 2.538071227267624863e+01 2.267940378403040214e+01 1.641773312637804594e+01 1.445534046378857340e+01 8.018379494319866296e+00 8.018379493443344330e+00 0.000000000000000000e+00 1.697316759217121529e+01 2.159014915038789795e+01 2.891068092752776764e+01 3.696290617524250877e+01 4.426898871037823824e+01 5.286146371405811806e+01 6.124811846703252627e+01 2.251525099965201093e+01 1.449804174380164490e+01 8.964820964633217315e+00 5.172654850054853171e+01 4.386212595461898900e+01 3.671116269318769554e+01 2.987813670473112282e+01 2.207155916425759301e+01 2.937734819879468162e+01 3.635580135409736613e+01 4.465828555229958141e+01 3.839043040919521843e+01 1.393268133469234193e+01 2.109774857227693801e+01 2.967049916637355622e+01 3.337699590107793313e+01 2.448813547893357523e+01 1.671625816973533318e+01 8.895591612363460854e+00 7.251579662503255008e+01 7.803474890579026635e+01 8.052999601341205960e+01 8.599472707594746623e+01 9.042409557591956570e+01 8.256175313240912317e+01 8.985484373795399904e+01 8.144600026527373871e+01 7.554710144222228507e+01 6.926291727435456380e+01 6.360504683491391376e+01 5.539694480924944742e+01 6.054764579869853947e+01 6.705891952911663623e+01 7.383375290086512166e+01 6.568974887253325790e+01 5.939307111644802717e+01 5.348925941427386732e+01 4.741129990686302875e+01 3.859921230989948526e+01 4.498930044588986732e+01
8.358130434676874643e+01 7.803474890582707246e+01 7.316929620067841711e+01 6.926291727448179358e+01 6.427219994153179528e+01 6.132880691902385450e+01 5.539694480864903881e+01 5.348925941339632573e+01 4.741129990825962892e+01 4.498930044510299098e+01 3.859921231044160095e+01 3.736215039444408603e+01 3.067448236883982204e+01 2.292341747084963544e+01 2.937734819948270015e+01 2.251525099872630520e+01 1.544768964213464102e+01 1.667923427683254189e+01 8.895591615258792828e+00 8.964820964567474348e+00 1.544768964234442343e+01 1.697316759217121529e+01 0.000000000000000000e+00 8.018379493369840461e+00 1.697316759199026492e+01 2.593488878610913062e+01 3.394633518223933066e+01 4.290740884621294526e+01 5.130654532428665959e+01 3.736215039557925621e+01 3.067448236954258789e+01 2.593488878646614282e+01 5.613965893753290715e+01 4.734605029762467865e+01 3.948593229826080631e+01 3.075498879573029853e+01 2.557482589051115340e+01 3.447041750418976847e+01 4.225406016734369530e+01 5.114965178102230681e+01 4.734605029837181434e+01 2.251525099906140781e+01 2.994014238415361007e+01 3.859920662794402091e+01 4.503050199843855239e+01 3.681206234000026711e+01 2.994014410283313765e+01 2.292341747129215435e+01 6.778330731779769280e+01 7.472430078538972964e+01 7.554710144100319269e+01 8.231427861195334117e+01 8.790729129292871846e+01 8.050695370324086753e+01 8.868447072241876583e+01 8.105795634224327273e+01 7.420125100522675154e+01 6.661493618885594969e+01 5.939307111656593463e+01 5.211946103458672752e+01 5.875469639838362212e+01 6.664276949391977212e+01 7.417625029033824546e+01 6.716945041974693709e+01 5.988028595964662770e+01 5.273265032110946038e+01 4.482409838151631476e+01 3.737869113280167710e+01 4.571178857599312551e+01
