0.000000000000000000e+00 1.209500415449167754e+01 2.434623362430140858e+01 3.749965341234744187e+01 2.758786635616423766e+01 1.820937436522820363e+01 1.237245913466375136e+01 2.404917631236761011e+01 2.652852193523862212e+01 3.386249308628456589e+01 4.399863066028064651e+01 5.221876970776803262e+01 6.090230903351827152e+01 5.170432933693103195e+01 4.401308631341885302e+01 3.892885289123560000e+01 3.743759730588583068e+01 6.939290996095212449e+01 6.020581286017461764e+01 5.293398228069582956e+01
1.209500415449167754e+01 0.000000000000000000e+00 1.225293225158425869e+01 2.643962278108408270e+01 1.778841568923531824e+01 1.292836841712671792e+01 1.654532301039008502e+01 2.648346766716519340e+01 2.356196989358082305e+01 2.638929162348230761e+01 3.446948918590652511e+01 4.192658413225468905e+01 5.181155998194103773e+01 4.412056637436082696e+01 3.846368930828251820e+01 3.670266001970946945e+01 3.906743171112297830e+01 6.153498596804306686e+01 5.396966369837086575e+01 4.873001426297373939e+01
2.434623362430140858e+01 1.225293225158425869e+01 0.000000000000000000e+00 1.698548183558567715e+01 1.310748837210890905e+01 1.750361391393462540e+01 2.648388425310179528e+01 3.373687400536621794e+01 2.676977740044820564e+01 2.349704795805185142e+01 2.725784315269689273e+01 3.300005875556870905e+01 4.434421220972444644e+01 3.912007941456130311e+01 3.654056329409879567e+01 3.867974812746344071e+01 4.441320368725769185e+01 5.542205865155369082e+01 5.018065358964921074e+01 4.761810855642910667e+01
3.749965341234744187e+01 2.643962278108408270e+01 1.698548183558567715e+01 0.000000000000000000e+00 1.085247939180610466e+01 2.243709240261796012e+01 3.422450476567150446e+01 3.613916982663599242e+01 2.551566371313430537e+01 1.493371970709303476e+01 1.129308351235144592e+01 1.602185381859439062e+01 2.757628089049634568e+01 2.433307546462453885e+01 2.569957718976830563e+01 3.273246509138351712e+01 4.235216206133053873e+01 3.917305572348050191e+01 3.593395006686076698e+01 3.649918287913779125e+01
2.758786635616423766e+01 1.778841568923531824e+01 1.310748837210890905e+01 1.085247939180610466e+01 0.000000000000000000e+00 1.158463158729623466e+01 2.337564450873154698e+01 2.600834084378675826e+01 1.628618175883314834e+01 1.039028633125168177e+01 1.670971319860392157e+01 2.463182521625641641e+01 3.402459654248520593e+01 2.686981528654397877e+01 2.343421970476011040e+01 2.646543950840931458e+01 3.405298966597235477e+01 4.396227630718246360e+01 3.748813733478932164e+01 3.451412845600302859e+01
1.820937436522820363e+01 1.292836841712671792e+01 1.750361391393462540e+01 2.243709240261796012e+01 1.158463158729623466e+01 0.000000000000000000e+00 1.180045156285536478e+01 1.627680056739244563e+01 1.067530643765703857e+01 1.567428916027641428e+01 2.649000338842328972e+01 3.522787983865673311e+01 4.293101454653226057e+01 3.349648208101584856e+01 2.629964896209350655e+01 2.378528344998447253e+01 2.727835889240245493e+01 5.118423996687690192e+01 4.229939958332713701e+01 3.609340070054216909e+01
1.237245913466375136e+01 1.654532301039008502e+01 2.648388425310179528e+01 3.422450476567150446e+01 2.337564450873154698e+01 1.180045156285536478e+01 0.000000000000000000e+00 1.170326903502638771e+01 1.581533391446408210e+01 2.598861748360834412e+01 3.771055607907912588e+01 4.666581295321359590e+01 5.337090738228589970e+01 4.286187052446404522e+01 3.381928649476432014e+01 2.713650159373759863e+01 2.510045147848202163e+01 6.036445586844074995e+01 5.003501915319618121e+01 4.169072573654381131e+01
2.404917631236761011e+01 2.648346766716519340e+01 3.373687400536621794e+01 3.613916982663599242e+01 2.600834084378675826e+01 1.627680056739244563e+01 1.170326903502638771e+01 0.000000000000000000e+00 1.123783004131473540e+01 2.371359250023387943e+01 3.599639856894138035e+01 4.514413688652139456e+01 4.917380348763325060e+01 3.745396655724844237e+01 2.693531645055880830e+01 1.747585916443793863e+01 1.339721222597672146e+01 5.402523983386646478e+01 4.239359900108309631e+01 3.256279576834551648e+01
2.652852193523862212e+01 2.356196989358082305e+01 2.676977740044820564e+01 2.551566371313430537e+01 1.628618175883314834e+01 1.067530643765703857e+01 1.581533391446408210e+01 1.123783004131473540e+01 0.000000000000000000e+00 1.247626803091244163e+01 2.476995067953612661e+01 3.392694038761843700e+01 3.861415255295612070e+01 2.743058353385683290e+01 1.800424474111784434e+01 1.315495324616795969e+01 1.788509020342845091e+01 4.471732452594637408e+01 3.422532271195021991e+01 2.640988583707189008e+01
3.386249308628456589e+01 2.638929162348230761e+01 2.349704795805185142e+01 1.493371970709303476e+01 1.039028633125168177e+01 1.567428916027641428e+01 2.598861748360834412e+01 2.371359250023387943e+01 1.247626803091244163e+01 0.000000000000000000e+00 1.231498582415154353e+01 2.148252369380345783e+01 2.744017323450071899e+01 1.793324678132187699e+01 1.304393753671649669e+01 1.782376638849515516e+01 2.769856254675433505e+01 3.558421093064864493e+01 2.764013094263932047e+01 2.413758791689224381e+01
4.399863066028064651e+01 3.446948918590652511e+01 2.725784315269689273e+01 1.129308351235144592e+01 1.670971319860392157e+01 2.649000338842328972e+01 3.771055607907912588e+01 3.599639856894138035e+01 2.476995067953612661e+01 1.231498582415154353e+01 0.000000000000000000e+00 9.168230672106666646e+00 1.738573524095301792e+01 1.318044315727090776e+01 1.722835119470317267e+01 2.716460397219789513e+01 3.852799383936681465e+01 2.818607662989621687e+01 2.480947798191785125e+01 2.693116557683677925e+01
5.221876970776803262e+01 4.192658413225468905e+01 3.300005875556870905e+01 1.602185381859439062e+01 2.463182521625641641e+01 3.522787983865673311e+01 4.666581295321359590e+01 4.514413688652139456e+01 3.392694038761843700e+01 2.148252369380345783e+01 9.168230672106666646e+00 0.000000000000000000e+00 1.264973838953168617e+01 1.602097638970916904e+01 2.416990856742994254e+01 3.526295784806062272e+01 4.701710631021006748e+01 2.515497589886487617e+01 2.635444402286885079e+01 3.195695560611041941e+01
6.090230903351827152e+01 5.181155998194103773e+01 4.434421220972444644e+01 2.757628089049634568e+01 3.402459654248520593e+01 4.293101454653226057e+01 5.337090738228589970e+01 4.917380348763325060e+01 3.861415255295612070e+01 2.744017323450071899e+01 1.738573524095301792e+01 1.264973838953168617e+01 0.000000000000000000e+00 1.231684552003429545e+01 2.344850834487139224e+01 3.539922695179389223e+01 4.751547922639498722e+01 1.259567754350051061e+01 1.742049018988345566e+01 2.677795627856181682e+01
5.170432933693103195e+01 4.412056637436082696e+01 3.912007941456130311e+01 2.433307546462453885e+01 2.686981528654397877e+01 3.349648208101584856e+01 4.286187052446404522e+01 3.745396655724844237e+01 2.743058353385683290e+01 1.793324678132187699e+01 1.318044315727090776e+01 1.602097638970916904e+01 1.231684552003429545e+01 0.000000000000000000e+00 1.114832449297351680e+01 2.308397357402634498e+01 3.519879645276991198e+01 1.768941598515193547e+01 1.162961519576254332e+01 1.609875960517281968e+01
4.401308631341885302e+01 3.846368930828251820e+01 3.654056329409879567e+01 2.569957718976830563e+01 2.343421970476011040e+01 2.629964896209350655e+01 3.381928649476432014e+01 2.693531645055880830e+01 1.800424474111784434e+01 1.304393753671649669e+01 1.722835119470317267e+01 2.416990856742994254e+01 2.344850834487139224e+01 1.114832449297351680e+01 0.000000000000000000e+00 1.196886754421614896e+01 2.410448892143473287e+01 2.710215805067918993e+01 1.625237776964809555e+01 1.114932311669513609e+01
3.892885289123560000e+01 3.670266001970946945e+01 3.867974812746344071e+01 3.273246509138351712e+01 2.646543950840931458e+01 2.378528344998447253e+01 2.713650159373759863e+01 1.747585916443793863e+01 1.315495324616795969e+01 1.782376638849515516e+01 2.716460397219789513e+01 3.526295784806062272e+01 3.539922695179389223e+01 2.308397357402634498e+01 1.196886754421614896e+01 0.000000000000000000e+00 1.213726922875257941e+01 3.782446563882386670e+01 2.545257042483363463e+01 1.509021004026102375e+01
3.743759730588583068e+01 3.906743171112297830e+01 4.441320368725769185e+01 4.235216206133053873e+01 3.405298966597235477e+01 2.727835889240245493e+01 2.510045147848202163e+01 1.339721222597672146e+01 1.788509020342845091e+01 2.769856254675433505e+01 3.852799383936681465e+01 4.701710631021006748e+01 4.751547922639498722e+01 3.519879645276991198e+01 2.410448892143473287e+01 1.213726922875257941e+01 0.000000000000000000e+00 4.920315495842723408e+01 3.636082306212684756e+01 2.487635293945051629e+01
6.939290996095212449e+01 6.153498596804306686e+01 5.542205865155369082e+01 3.917305572348050191e+01 4.396227630718246360e+01 5.118423996687690192e+01 6.036445586844074995e+01 5.402523983386646478e+01 4.471732452594637408e+01 3.558421093064864493e+01 2.818607662989621687e+01 2.515497589886487617e+01 1.259567754350051061e+01 1.768941598515193547e+01 2.710215805067918993e+01 3.782446563882386670e+01 4.920315495842723408e+01 0.000000000000000000e+00 1.312841762423722791e+01 2.496243674528314571e+01
6.020581286017461764e+01 5.396966369837086575e+01 5.018065358964921074e+01 3.593395006686076698e+01 3.748813733478932164e+01 4.229939958332713701e+01 5.003501915319618121e+01 4.239359900108309631e+01 3.422532271195021991e+01 2.764013094263932047e+01 2.480947798191785125e+01 2.635444402286885079e+01 1.742049018988345566e+01 1.162961519576254332e+01 1.625237776964809555e+01 2.545257042483363463e+01 3.636082306212684756e+01 1.312841762423722791e+01 0.000000000000000000e+00 1.183941751821314448e+01
5.293398228069582956e+01 4.873001426297373939e+01 4.761810855642910667e+01 3.649918287913779125e+01 3.451412845600302859e+01 3.609340070054216909e+01 4.169072573654381131e+01 3.256279576834551648e+01 2.640988583707189008e+01 2.413758791689224381e+01 2.693116557683677925e+01 3.195695560611041941e+01 2.677795627856181682e+01 1.609875960517281968e+01 1.114932311669513609e+01 1.509021004026102375e+01 2.487635293945051629e+01 2.496243674528314571e+01 1.183941751821314448e+01 0.000000000000000000e+00
